0.00599862673561554,0.00278732879636581,0.00112220837233023,0.00269135379787416,0.0140519900323837,0.0103218431781128,0.00855029892119896,0.0175402851427392,0.0150450961395024,0.00994757549462334,0.0132344703328427,0.0101570815573062,0.0113419869813646,0.0118015551039005,0.0113018325849472,0.0164559681495144,0.0144676359251211,0.0110508957983498,0.00678668556601929,0.00778419912124967,0.00431837545314536,0.00839106790138863,0.00522771424016883,0.0105678493097223,0.00769284574228098,0.0107187688311795,0.0131694329351619,0.0140720685571915,0.0118891150769794,0.00631398367640606,0.0091767979105757,0.00574771740721302,0.00373571870896755,0.00101331031932057,0.00243110830073186,0.00175437356022266,0.00274820686998529,0.00501194170643105,0.00323243266691811,0.00442906491218285,0.00690435965988377,0.00694672338420908,0.0042195824949175,0.00297941489891844,0.0029693356244077,0.00266283712117186,0.00203367003779175,0.0013285025862764,0.000154555547776606,0.00223847852087081,0.000872213176155415,0.00137649992075307,0.000261117795452953,0.000862151389320439,0.000224897315242161,3.54474332997589e-05,0.00198681851872099,0.000772115823865874,0.00475227778906373,0.00472872257771944,0.00233049047661896,0.00295163770478392,0.000901992799453217,0.0033239076535033,0.00129177225615522,0.000615547323105224,0.00165832215171475,0.00131825117936737,0.000427215714569559,0.00152967559177822,3.98128467895088e-05,0.000686949568296757,0.00234525272504119,0.000131232322616593,0.00055532123470939,0.000755972694861042,0.0034315457367085,0.000441450815690877,0.00223853678923881,0.000872555507663682,0.000655969880274311,0.000222965889074785,0.00122780581136882,0.000368801808020292,0.00169184052373868,0.00257649040928531,0.000790005581272372,0.000875995793410895,0.00117808046329666,0.00271406824305316,0.00286732164416265,0.000969396461458063,7.88250001675449e-05,0.000401583866392144,0.000180455611889675,0.000334446621715578,1.4293158308889e-05,0.00136380277381255,0.0013398937924089,0.000501503788197782,0.000629593865755707,0.000673173062124177,0.00228999400769523,0.00410591720329155,0.00200792060946169,0.00229272409866502,0.00170317120979555,0.00220571378133122,0.00011538404372408,0.000350371902555748,0.000928169365343986,0.00174227122356856,0.000610374861566188,5.0064692932915e-05,0.000868220588363101,0.000642853545327929,0.000724699261118603,0.000921333220815115,0.00121740541658228,0.000559454676942557,0.000231182277918912,0.000208665673158872,0.000497716560056521,0.00117964425652023,0.00054056883654465,0.00010042473464974,0.000138140663321827,0.000670579791687452
0,0.0189637483130931,0.0442926563443552,0.0420540673663541,0.0438309135739229,0.0428265054718139,0.0332853689353238,0.0583437331287602,0.0462700290076751,0.0533429376574982,0.0448332740695754,0.0262664610727502,0.0308725280388347,0.035390195401827,0.036578653434683,0.0407712091261244,0.0400390679326937,0.0388689220120217,0.0413100012179088,0.0405643362901335,0.0305910642981442,0.042062279913855,0.0450829718238381,0.0452509150352168,0.0546994009015888,0.0431945930899268,0.0464691402921566,0.0398131238566825,0.0317764977293825,0.0298615062774484,0.0272262032226651,0.022922124460121,0.0233502492216445,0.0223610238959402,0.0202485537518492,0.0195097933608351,0.018388848549083,0.0183491524760929,0.0196821357844885,0.019632234250799,0.0219720997329473,0.0214694033542401,0.0201069344256187,0.0161945817290022,0.0139572320180215,0.0112404518473365,0.00750895981872013,0.00511418274239939,0.00440927247151584,0.00268100125974166,0.00184831140226459,0.00100058834608344,0.000449618549042771,0.00174845963345522,0.00102231303967186,0.00115753992955396,0.00204539543470125,0.000988846431256822,0.00232403054145276,0.00147457106899702,0.00284242203689356,0.0025106011533099,0.000953914368695447,0.000813609445674933,0.00299782554145627,0.00105030280383682,0.00107035171810647,0.00111874549787661,0.00154241887384224,0.00148874715648969,0.00133773897998787,0.00185424946345791,0.00115752746554873,0.000166049076484289,0.000778157797420043,0.00189873911824986,0.00235472410751607,0.000367542834774642,0.00149786370544937,0.00138174350273612,0.00129672166131797,0.000366960745269079,0.000754366849649554,0.00147612398257382,0.0016680720232499,0.000768080359279908,0.00087563680371697,0.000621746937153112,0.0015099060006635,0.00136038170092752,0.00135646927249671,0.000554169176745413,0.00113422841632768,0.00180115609840494,0.00121472627570291,0.00149380252146565,0.00107673861793466,0.00148893319560647,0.00105273559890016,0.00159717747713667,0.00163887834122072,0.000924336974475074,0.00250809181341668,0.00221037671679304,0.000399204333745593,0.00119852540605731,0.000698561387086801,0.00102064998789384,0.000757279100861911,0.000633362402978775,0.000330204117315448,0.00152668696829619,0.00134148310826451,0.00128751840742314,0.00146319262622732,0.000634465197680366,0.000741696080145518,0.00108308541485462,0.000613565828793092,0.000716793211739185,0.000638498975769032,0.00103520633152785,0.0010556776729664,0.00130904178068432,0.00123916752007486,6.99072417441869e-05,0.00145042082205383,0
0,0,0.0500741202291535,0.0611235496392985,0.0529198389706989,0.0472123176344709,0.0638539652803999,0.0709361087199874,0.0669931631240233,0.0593210852586065,0.0444862781183849,0.0367485189113519,0.0358235318380873,0.0370472035977062,0.0390820654868361,0.0422747349141565,0.0524544269696545,0.0544444138244863,0.0508675928505331,0.0498819952861919,0.0555341490760048,0.0586262557512478,0.0607430456566896,0.0633045192734093,0.0646454440777985,0.0630223951645677,0.0587012726805104,0.0481377967371357,0.0400020245342198,0.0387062566093044,0.0352374398426032,0.0333115359188257,0.030878212076343,0.0290788908727169,0.0274797228105295,0.0251983822478957,0.0263347049575747,0.0262711430136095,0.0267184557479449,0.0267167956465147,0.0278009953877802,0.0293983560003784,0.0229240077602967,0.0203506003132083,0.017411100790866,0.0110351096177828,0.00824308403558647,0.0055047099305597,0.00434135396390783,0.00149363331056248,0.00116831390750347,0.00174426485539518,0.00072035234672168,0.00171201057689248,0.000190856186356636,0.00196705922187069,0.0011802433285048,0.00183500695856416,0.00391038261087794,0.00236696404487034,0.000721584921170005,0.0010569766788611,0.000978966369913109,0.000462971191865058,0.0010016175482352,0.00202663147767651,0.000664307379070598,0.000303870759953793,0.000173691692485562,0.00116791616435123,0.000563608460560047,0.000173812699138996,0.000575613139932912,0.000319211871915345,0.000162370824619655,0.00040199504911863,0.000692301815667974,0.000963741072257369,0.00125320651173773,0.000725581225023185,0.00128163743310512,0.000757840044763455,0.00107856403770554,0.00129796778802377,0.00197277609764134,0.00178818808320334,0.000489058746913891,0.000689087389255465,0.00213965219094267,0.00122484906546976,0.00155473165008269,0.000850834676947847,0.000450342444589722,0.000404010901963325,0.000244929634347922,0.000638732840007029,0.00139522805923657,0.000811063268664495,0.000283511187776857,0.000694438535724532,0.00127754379618941,0.000968024252938989,0.00103293947154505,0.000159274170892995,0.000330644073961706,0.000696350908782828,0.000476504341752932,0.000642453558319484,0.000524911960533263,0.000721531507605334,0.00187988190563161,0.00064844770524049,0.000933171712922306,0.00155170523503446,0.000919910473046536,0.00078942637547218,0.000675877314038628,0.000407278950186497,0.000312397507834566,0.000643157312141363,0.00157010295015493,0.00237891501044028,0.00103543036511149,0.00201022218383888,0.000409937212035548,0.000828230398879335,0,0
0,0,0,0.0392219561687741,0.0332284135387394,0.0330528095485979,0.0630692321658082,0.0859558652264393,0.0814600884627972,0.0577768483828509,0.0265984553435968,0.0288929731060038,0.0306175648612452,0.0363885315636295,0.0311732396731056,0.0362528774616701,0.0445169673354833,0.047001731853816,0.0417674907464662,0.0464203205445048,0.0545337233768389,0.0727003568758255,0.0876335605897847,0.0923962720864026,0.0736941384076902,0.0610334220525086,0.0554020901641709,0.0412437500605825,0.0318105557430156,0.0305521910806754,0.0296122382840478,0.0387512285992966,0.0373739189811155,0.0324793657476031,0.0294576858408862,0.0300626497327982,0.0315778840460232,0.0319138423370608,0.03131361751325,0.0242152289065444,0.0278498904818487,0.0293638274322912,0.0303324480174559,0.0231099491921785,0.0135117121189708,0.00968812023731003,0.00592920908533915,0.0044131391601515,0.00219399454396532,0.00130219711028226,0.000570999165395797,0.00133752913343026,0.00146709755767685,0.00124060505074528,0.00154026069156929,0.00246922189051474,0.00120158242343842,0.00280676319802616,0.00255298861329977,0.00181724012240578,0.000680555981453795,0.00150644083226667,0.00147170802610208,0.00162435299846267,0.00302911129902745,0.00192048073499073,0.00118491173090884,0.00153243129365123,0.000691878348603153,0.00101373061975067,0.00164790113448693,0.00131727538999579,0.000102486859005605,0.00137428072382371,0.000897000885995305,0.000415736626174914,0.000459765639571984,0.00057983091547771,0.000666588771407441,0.000503639297382787,0.0018387510353557,0.000629974333913401,0.000850830626285864,0.00083937715717347,0.00122706326875603,0.000680257913876631,0.000673453161306209,0.00124752030815401,0.00230185442749988,0.000970642037571195,0.000867130096939549,0.000873593321046409,0.000465246365065965,0.000138357218420194,0.00156336706658604,0.00122445900385335,0.000622952175929891,0.00030355455334337,0.000239255980214412,0.00122023457294988,0.00102846533768123,0.00104810408812115,0.00178953134082549,0.000374209526900963,0.000615937306175834,0.000210724492001151,0.00184943712380425,0.0010097979316867,0.000931069581804465,0.0013861530170792,0.000869794433792287,0.000859612393106667,0.00135316177040699,0.000610905768800231,0.000731927474411366,0.000383301384137554,0.000762984632268029,0.000320320799527656,0.000757861113801708,0.000334818925241569,0.00139685521182678,0.00151562974077634,0.00275921711316354,0.000561801611978185,0.0014612072890148,0,0,0
0,0,0,0,0.0236609151086212,0.037062738470879,0.0602461927181131,0.0651171687737918,0.0481455207967995,0.0253085875937214,0.0186475797166592,0.0216493598284278,0.0223005041477615,0.0221358702368737,0.0228366459039167,0.0330451275744718,0.0433862346649128,0.0437478539330991,0.0519872658841777,0.0653670871309532,0.0708058811087788,0.0833514852906549,0.102675728573721,0.0824407791352578,0.0682331835446228,0.0545448399925872,0.0434972266357779,0.0303848898565337,0.0240800546540888,0.021678267526063,0.0261489544929069,0.0316942602435177,0.0287953117643171,0.0279041858252794,0.0294672640121518,0.0286427541265529,0.0303529554743617,0.0270632561613037,0.0212402910538962,0.0199149430794781,0.0208979108008344,0.023402880623534,0.0222031507600418,0.0149758293134861,0.00928748021274542,0.00537783406068306,0.00383036434246754,0.00133568173340093,0.000835347708054929,0.000837731508566649,0.000487446094074747,0.000724293156911579,0.00157333290746804,0.00285631170584136,0.00191442414322943,0.00101625729474063,0.00375734559118438,0.00237108777039705,0.00161541120887673,0.000361044485077702,0.0011220718586914,0.00129675136332581,0.000506474833327978,0.00215501812972819,0.00115516769703214,0.00185534303791228,0.00192544876122436,0.00133924900994862,0.000887261654395064,0.000639271281656125,0.00108146808290874,0.000725184371322665,0.000661912068775922,0.000423044684215706,0.000129947005552692,0.000244101450910332,0.000846431252231722,0.00060601917545678,0.000520358899142314,0.000191444953644456,0.000695775265138055,0.000851006931671183,0.00103164840570298,0.000355422907831638,0.000674309709800769,0.000585711829019347,0.00101784717503524,0.000948635196720699,0.00095151160848752,0.000569431248197396,0.000772167241460264,0.000198660544434889,0.000390738020008392,0.00135754410657953,0.00108511014914669,0.00163515991027335,0.000412905004222674,0.000955173630099008,0.000511460654254473,0.00192847175343986,0.00169119095509732,0.00142039916585286,0.000439646156238499,0.000258862341117842,0.000387503072415012,0.00125672733828499,0.00173936731771984,0.001867920877781,0.000949603370780462,0.000843697724171858,0.000830717502408976,0.00139769665979282,0.00128516514354622,0.000476003386598561,0.0008932261726141,0.0014156541259836,0.0013843989942299,0.00050223430760737,0.000923083836524875,0.000841263436038543,0.000380720347148657,0.00345600599068959,0.000270074941612236,0.00276911495172712,0,0,0,0
0,0,0,0,0,0.0356278309180466,0.0702242309509125,0.0652963992465631,0.0313885524157323,0.022272022933232,0.0219569885056497,0.0213138800485919,0.0184873111790551,0.0196727751483689,0.0238787935007718,0.0333934386008565,0.0459613216141233,0.054967538762306,0.0637758274346501,0.080028405938606,0.0967961723359814,0.111725132414007,0.133512682832124,0.0934086989783356,0.0660082865774987,0.0537298646182645,0.0373019328936064,0.0243950984120858,0.0147873509944734,0.0164078339615177,0.0147747937439303,0.0233507559469739,0.0281998658616053,0.0296530357246328,0.031812122778936,0.0297961075691381,0.0286290221937317,0.0219764644081559,0.0152090157024471,0.0169223467053883,0.0189540301329496,0.0218089563116518,0.0152339802969963,0.010709352464385,0.00480829083965927,0.00346221703560774,0.00208507752606099,0.00147280017393317,0.000667380937922664,0.000418235224850136,0.000281110324848792,0.000311887131720023,0.00135033556992749,0.00216157846758236,0.0017228734223442,0.000489620465899287,0.00171086858268846,0.000688812329523822,0.000700482813814956,0.00127202102435368,0.000706887108054173,0.00119499697696538,0.000894138112064211,0.00035454369291155,0.000761577450449669,0.00121946997364586,0.00134871512337441,0.00130123351594448,0.00124977041974759,0.000758564320247592,0.000582967387921537,0.000920635872921675,0.000330496459713985,0.000725914528047057,0.000924687541938645,0.000676367720806481,0.000647629686557116,0.00049832200540471,0.000338242555360807,0.000167676666710905,0.00076985199164971,0.000956500226929578,0.000763280633994931,0.000830189144071832,0.00113254643552597,0.000705803078436592,0.00124285267859942,0.00150625476495282,0.00167592222743629,0.00119109940615261,0.000552138600968758,0.00118085015048082,0.00173667582945548,0.00190376364419002,0.00209478085861388,0.00108229397532443,0.00036376862204144,0.000606517863103169,0.000262891931073587,0.00111422030595962,0.000590285997027495,0.000461469652197552,0.000814686650399807,0.000507045633213857,0.000559384601467936,0.00028330006514325,0.000870765193957488,0.00122378829082462,0.000582200340201722,0.000653115518644524,0.000666302440571291,0.00119610018413422,0.00051375547970207,0.000920254151282287,0.00174261069308051,0.00216298443035974,0.00170954357339995,0.000302811637879165,0.000713752511895571,0.0019605010587715,0.00454423768967947,0.00159079468866937,0.000722775367359325,0,0,0,0,0
0,0,0,0,0,0,0.0672435563086127,0.0664381695194114,0.0536718975785472,0.0396153015311451,0.0343550550404403,0.0209799203177379,0.0158683093640382,0.0132782108874231,0.0227089148322796,0.0249980966555479,0.0385857836796281,0.0442206247807721,0.0541647254781549,0.0558530175849137,0.060682165335773,0.0813435640108396,0.0693936255274105,0.0522746843875944,0.0429066490883417,0.0366884075986219,0.0252398191603061,0.0169087590830212,0.0169269846535662,0.027925037208625,0.0322515050173698,0.0371237702125093,0.0401942438913813,0.0356119527003296,0.0322472718273533,0.031166023562033,0.0226027125746325,0.0195147414262931,0.0150838298887774,0.0153798461162267,0.0186520420640548,0.0152453631030905,0.0122214595288229,0.00722988673069613,0.00454221004206009,0.00270002492351876,0.001686609921691,0.00135575349884418,0.000756893550038945,0.000631531464722287,0.000719353267196476,0.000388998340070463,0.000520705171915548,0.000657736658788449,0.000857316063898134,0.000582438487711996,0.000362093322662924,0.00100718486588516,0.000446345429175058,0.00134646116394988,0.000389209474942144,0.000905036700035588,0.000211037704824667,0.000568321502215844,0.0011105869659112,0.00048452643756526,0.000374359700644794,0.000311248159245871,8.52475462639223e-05,0.00101104932727387,0.00106708096411652,0.000590918070138906,0.000250628877804801,0.000598311873964673,0.000702936643104332,0.000465558509280956,0.000189835871269759,0.000375346182452899,0.000720345410970976,0.000428218957390586,0.000474796781723209,0.000666094990827943,0.000468830133801854,0.000519858132092062,0.000461453472710438,0.000379899402152041,0.000920250885018842,0.00120285949132057,0.00138131548422371,0.000375565448250538,2.11642593305615e-05,0.000203237371815199,0.000330378527089461,0.000686475943063436,0.00155975927263445,0.000563695383704101,0.000419608690690257,0.000135246981185857,0.000508301395472644,0.00044672260088079,0.00050543877476503,0.000684566527765503,0.000668079294695876,0.000341910957224252,0.000833760781176338,0.000504515786060976,0.000459647924098391,0.000478660130081954,0.000985943972529443,0.000664422769348533,0.000588054312328507,0.00171385352145646,0.000296569551883553,0.000571138034036932,0.0014004726166356,0.00117792530244209,0.000885141073955909,0.000273772906875774,0.000975885765844618,0.0020801865872789,0.000500663934638258,0.00355994530185415,0,0,0,0,0,0
0,0,0,0,0,0,0,0.0523136740976237,0.0314454922209299,0.042355314279816,0.0374653266360593,0.02294596752996,0.0212758025427824,0.0228251810496667,0.0235809954866273,0.0288223267002019,0.0364842682770115,0.0382042618624566,0.0385927339430004,0.0346236859321798,0.0563594298643977,0.0436933684703083,0.0524476392307228,0.0468888106706742,0.0503439931052024,0.0463966690776001,0.034298544806886,0.033399870437736,0.0371828846700856,0.0367012726293121,0.0416128139126439,0.0501332963929628,0.0414147384455306,0.0442584347206339,0.0391613518821579,0.0377816619895754,0.0306985685265889,0.0236293764632028,0.0256580440797793,0.0217004928929287,0.0177443319379338,0.0133976912852148,0.00832981030355512,0.0047164903365159,0.00213674086481001,0.00210665546503476,0.00112831582823362,0.000876871292276704,0.00106391587837653,0.000598064584503003,0.000540249957617376,0.000288045182110348,0.000541700103056354,0.000499379747081034,0.00052181559969953,0.000402644966378768,0.00036258513035962,0.000442625551793242,0.0022347589671956,0.000890245151888029,0.000543942217665719,0.00101562128401698,0.000396559682603433,0.000265272387104406,0.000694218899089538,0.0016385277023017,0.00179512286088398,0.0001868077311654,0.0010261424607199,0.000165357345705405,0.000309302040306121,0.00075655709270429,0.000773441637055017,0.000760879136811605,0.000576169375561987,0.000235918148764036,0.000346622225823362,0.000696718563849081,0.000587709806698318,0.000369777111889631,0.000544833903588315,0.000600357337321752,0.000859705547987544,0.00100067242845195,0.000123300148400553,0.00016899662556616,0.000163629121115852,0.000618997477372125,0.00119863659593623,0.000254454039408711,0.000265456964995026,0.00111500082699163,0.000383450424593117,0.000955235328909661,0.00124659477182685,0.000731835210696777,0.000437495750894693,0.000426294090303647,0.000530861149099428,0.000265638073875983,3.02168981248162e-05,0.000792805049242571,0.000519858738577018,0.00116149737753621,0.0010997718734374,0.000237121370473538,0.000393591815303856,0.000162256073497793,0.000878261733850664,0.000263847162268239,0.000721871608830378,0.00100132045718069,0.000374992032881159,0.00087315598574233,0.00132555878467685,0.00132380546232954,0.000186935092315683,0.000166655826960007,0.00291197592145714,0.00116483842517549,0.00141187809961753,0,0,0,0,0,0,0
0,0,0,0,0,0,0,0,0.0667847214636525,0.051747077926508,0.0326802551138662,0.0198414554276326,0.0122266793331707,0.0131045523149765,0.0174570518801444,0.0219148653098329,0.0291200467593521,0.0307131569261593,0.0242824794125682,0.0305145310258829,0.0374431293754623,0.0371038622321975,0.0301230911900515,0.0304409714203553,0.0279272992841542,0.0258608934616973,0.0267718056141787,0.0315550097426789,0.0317116177251793,0.0322341240122797,0.0313596931583514,0.033455930555476,0.0414541659456351,0.0403439250230561,0.0291785110931667,0.0233172207354247,0.0189332833890751,0.017668141509552,0.0156142938679296,0.0102400451409689,0.00705101764332316,0.00542531375338536,0.00343049502912965,0.00148041938567758,0.000918143970811495,0.000941269262358845,0.000615785998678435,0.000590538047048444,0.000501940239885557,0.000920751928688869,0.000155951672587759,8.64610245109697e-05,0.000339300519063567,0.000699298076478123,0.000793237506586611,0.00110406536541733,0.000481380734773068,0.00184437081303343,0.0015632060490907,0.000215164323862213,0.000369893132901142,0.000847480434910783,0.000877929281806639,0.00121059476707275,0.00138062839537505,0.00132755414767228,0.00127466504237998,0.000553864790391287,0.00137736611659622,0.000790989035516042,0.000949815679409542,0.000766632633323802,0.000329990753498007,0.000685384176156919,0.000509580691215435,0.000238927894064722,0.000439917785457463,0.000512338999652446,0.000145167813496378,0.000488061421832352,0.000626984048452523,0.000385819252360264,0.000687764145413497,0.000195061323379766,0.000342076459764068,9.50415209872509e-05,0.000452535968737602,0.000250768283369632,0.000281034021197578,0.000572424181310136,0.000256902569689464,0.000226496822737478,0.000491252743323852,0.000448393386674496,0.000427501723929749,0.000501595124886537,0.000352411794350156,0.000297790661219879,0.00050118091647603,0.000691315757762694,0.000392334041567684,0.00045946004050456,0.000527417469589248,0.00109192576411808,0.000418168743136491,0.000132248299507492,0.000363055158164627,0.000347548856676444,0.000561528497583736,0.00102870299245077,0.000813900593591535,0.000664259787044153,0.000210174989580724,0.00058192621729091,0.00106422176763797,0.000486583297593036,0.000973448268833267,0.00194560648903728,0.00113123408119885,0.000134671896681232,0,0,0,0,0,0,0,0
0,0,0,0,0,0,0,0,0,0.034337376260526,0.0221861967786643,0.0128237579393025,0.00998902532808348,0.0101954739041693,0.013002796020332,0.0192766952281142,0.0254382009140081,0.0270905851786411,0.0299236070910784,0.032509698941869,0.0402468127332159,0.0313201474023937,0.0304788983090004,0.0305176920089525,0.0294808912746578,0.0306120920855813,0.0330124354805259,0.0303724473906156,0.0300590569339237,0.0301659108548103,0.0331098147603959,0.0416472599787789,0.0405852384725553,0.0353782047167543,0.0259071113047513,0.0178822110086973,0.0171736911837376,0.0155312137392407,0.0102188893201439,0.005510206782558,0.00441270915600579,0.00373631281816961,0.00163475452314935,0.0010938842578017,0.00104438161686224,0.000733552108733345,0.000166308450153566,0.000331019625611674,0.000958253628970435,0.00033866037922986,0.000652530739677558,0.000530841155051853,0.0016856705971969,0.00137457166916706,0.000619052780405627,0.00232512396198421,0.000621553158946652,0.00191302522481581,0.000269775157026081,0.00134652500420315,0.00162972915280184,0.000777108919470663,0.000317605364007327,0.00139574023611979,0.00233335299862275,0.00218293404441182,0.00147732608407455,0.00191617652438814,0.000550632593429884,0.00047354907960235,0.00104777070255613,0.000776102602766966,0.000641903943197891,0.000942631985880962,0.000505100107094882,0.000342210784998844,0.000364706107348584,8.15301065436666e-05,0.00022207987786092,5.71239010735762e-05,0.000195346065906995,0.000563097216945126,0.000235702546023147,0.00058794098704074,0.000521477831114834,0.000461207651391531,0.00102688648841307,0.00123193561060121,0.000458790888621133,0.00123054279125274,0.00121120863186042,0.000557708201606078,0.00146364043281681,0.000715363807669161,0.000598811919664197,0.000432308056900847,0.000417845509946899,0.000432239067236959,0.000942757065077869,0.000465337723164063,0.000250628696710785,0.000179138698201792,0.000638656395967852,0.000545760816379221,0.000453465757164515,0.000455510037562543,0.000901235354374118,0.000655150593640649,0.00113328936053956,0.000934118022686161,0.000852911980650953,0.000488832664917145,0.000555961615378336,0.00129023702153628,0.00182130990624747,0.00025094964787327,0.0012170609501482,0.000780014186374783,0.000686571325010982,0,0,0,0,0,0,0,0,0
0,0,0,0,0,0,0,0,0,0,0.0189959004351659,0.0121414478866696,0.00879258340545468,0.00802511149360143,0.0113125304616294,0.0170785944243926,0.0192318627545167,0.0233638515094368,0.0235379919821321,0.0257360101709119,0.035088094490986,0.0312887698461687,0.0293583720057848,0.0294640464752253,0.0311794479714825,0.0327286593095186,0.0331997985572843,0.0303835397895752,0.0288162124963554,0.0281988151833993,0.0355127953009808,0.043404319445194,0.0374823970436886,0.0298925434340514,0.019455977549249,0.017471220490645,0.0153651935701883,0.00934877580777707,0.00594961596709119,0.00381396851695815,0.00289262622114998,0.0019626797526245,0.0014990472596373,0.00111179472450899,0.000844087602889753,0.000358062062775563,4.27485755722841e-05,0.000388308733254552,0.000678180148671781,0.000124422469403904,0.00060881509128464,0.00209157595687209,0.00233363824702779,0.00115296499367952,0.00292869108559959,0.00218235860435573,0.00143722260061429,0.00254151753426797,0.00342742636701652,0.000759121636239125,0.00219282725426063,0.001218267321249,0.000480611808057801,0.00163812307936385,0.00180928621910783,0.00274370616227508,0.00178319372328848,0.00346156211340322,0.00255369667871187,0.00311523703343042,0.00204309549196928,0.000942747442147624,0.00133616087887386,9.52574103968013e-05,0.000496945750876403,0.000710270796049683,0.00101194753474014,0.000298727446959428,0.00104659749794895,0.000540763431394002,0.000740353568497706,0.000548474230747986,0.00105048320301928,0.000563187338059284,0.000853980316641385,0.00068237493984893,0.00138528327933518,0.000396116878821279,0.000781165311855305,0.00166445242592803,0.00174683777908716,0.00131032197737935,0.000869151202517889,0.000213258334859748,0.000624339036151467,0.000170767815125531,0.000290877178054328,0.000903247609512224,0.00024974599061441,0.000763707249237957,0.000450227496319174,0.000205560909096601,0.000293837572263555,0.0012725631103818,0.00123650988151791,0.000289855409786839,0.000288770647595554,0.00127564311304895,0.000707410152789119,0.0010423733960108,0.000638841653008517,0.00118626686684539,0.00127549058871217,0.00217979915028509,0.00122231381326846,0.00134621716874613,0.00201592643337575,0.0018307733552177,0,0,0,0,0,0,0,0,0,0
0,0,0,0,0,0,0,0,0,0,0,0.00432875690973562,0.00396379528986285,0.00562920473077449,0.00940960529494495,0.0143424142320434,0.0221910306719465,0.0318823579860853,0.028353345367769,0.0275960274525648,0.0306941457400559,0.0250740358101536,0.0255991379921717,0.0292098153515889,0.0304511409992066,0.0278928180430326,0.0269325413093123,0.0263239069704978,0.0283790082785304,0.0325692611969424,0.0342972587152288,0.0325416639756216,0.0260862277294197,0.0191234489415609,0.0164616338593442,0.0128774668135143,0.00791278848343033,0.00444657748852858,0.00293578184153512,0.00219929675397716,0.00134988197369168,0.00111367944105646,0.00123175651730127,0.000569080521610481,0.000672668610967977,0.000634901756268064,0.000344155110466819,0.000189538606043063,0.00072969193538268,0.00047963514251568,0.00082101912903541,0.000755657620668321,0.000989711766393109,0.00121175807574267,0.000764744988088708,0.00138542322184613,0.0013278196889416,0.00275677500170944,0.0025100551257675,0.000927953340271255,0.00209852308710492,0.000932147622865082,0.00115933900189236,0.00215166430344963,0.00118690843306503,0.00262647968546132,0.000573794374293318,0.00258972863414697,0.00201831943071139,0.00158666253284723,0.00118591973314158,0.00119259626758541,0.00171773640322813,0.000279664164739887,0.000382598769333163,0.00125623427640179,0.00120796891162093,0.000665138699888029,0.000916412968706838,0.000692223093900396,0.00112714375254026,0.000400552971103128,0.00164848530527791,0.00210728747358321,0.000714570012040247,0.000503993958789254,0.000785173790331609,0.00100180718892474,0.000184708158522014,0.00172955017529979,0.00198765168361042,0.00111203104457843,0.000421942706713478,0.000697119024008732,0.000563290519769957,0.000668843136397013,0.000332557982765817,0.000701801599118569,0.000435141691336629,0.00149651323161304,0.00116551769590843,0.000103164209871099,0.00165868297268032,0.00105402165122186,0.000792809016975504,0.000798313065795726,0.000863892204783939,0.00104932878252677,0.00125279260574559,0.000590020187953546,0.000505424207382509,0.00167547118823771,0.0017734550890532,0.00183475794012667,0.00111257962745152,0.00103900909663771,0.0015021593058736,0,0,0,0,0,0,0,0,0,0,0
0,0,0,0,0,0,0,0,0,0,0,0,0.00408057907668495,0.00809470645788665,0.0102395108144204,0.0185568716766311,0.0299162421260765,0.0363884634715172,0.033317847507524,0.0266552365697046,0.0318415093420825,0.020622740392169,0.0252440850340911,0.0265903876932934,0.0251541497286176,0.0245214908308309,0.0245636002731987,0.0244152526935107,0.0237471492141823,0.027354099467026,0.0295468327234874,0.025767158153172,0.0182455735761458,0.0149433513327621,0.0116290779497148,0.00711141989549848,0.00372657658495796,0.00253428502724131,0.00179005761739568,0.000740148446911326,0.000689463738655329,0.000842566048456138,0.00033595948570309,0.0005595776847418,0.000978449254557936,0.000631093704131827,0.000368489356351832,0.000322285366327823,0.000773525719636406,0.000980745921567608,0.000807168591572012,0.00157169123243988,0.00273057216825821,0.00195129233230933,0.00190161461463831,0.00108513815086667,0.00116314300783558,0.00254160576234438,0.00298952633121353,0.00354864551564562,0.000880246195140779,0.00249772148926917,0.00129543245851243,0.00194375244293025,0.00241576077290791,0.00111988287069556,0.000521240304474891,0.000441740544193927,0.000635496893225849,0.000974251775939668,0.00202837233153433,0.00196104487109789,0.0013301146787777,0.000537166703609925,0.000763522074780878,0.000893070986755858,0.000292782046157601,0.000527955946935772,0.000750265547284663,0.000868364187339995,0.00148412179009926,0.00143539799500038,0.00133922145580161,0.000325410893438656,0.00102941093488479,0.00164619332148066,0.000854209970150198,0.00107503985159638,0.000573554294146404,0.00205034492697057,0.00181685392825593,0.000917242614527124,0.000980790720238944,0.00120209367581283,0.0010762991876895,0.000842755522150198,0.000412165011837268,7.72899547576353e-05,0.000890447193225063,0.00158778978478298,0.000993032912791138,0.00131958081200174,0.0016888328815893,0.000829681439942325,0.000737041902883752,0.000314874415679529,0.000377691864205841,0.0011679809047287,0.000169250001783464,0.000611108063891562,0.000800909967578295,0.00167976022424455,0.00148026863801817,0.0018697129671367,0.00146321343524089,0.000920611059725082,0,0,0,0,0,0,0,0,0,0,0,0
0,0,0,0,0,0,0,0,0,0,0,0,0,0.00865848503519194,0.015004651692652,0.025967833119478,0.0362840958257307,0.0343277652156611,0.0203974143059405,0.0183575606488561,0.0165391083123521,0.0184476804231394,0.0194226290016792,0.0190807663615396,0.0175756285282495,0.0191878252267981,0.0200959798666014,0.021542940970853,0.0218939338299421,0.0192245433805364,0.0219965167935192,0.0195211852729329,0.0181160404127659,0.0117247587659782,0.00474089144190511,0.00319133505486631,0.00176523773947023,0.00108065314687079,0.000436465973616687,0.000198754866097788,0.000527468239243343,0.000502569699398807,0.000573479694473671,0.000565148612442202,0.000378199824493618,0.000470282210241818,0.000227980346478097,0.000619828932510521,0.000172273751141922,0.000961562071668987,0.00165968676645783,0.00164302663039294,0.000562970566219167,0.00185658337674739,0.000871496348051941,0.00152857849060716,0.00124895188800263,0.000867701328374737,0.00166430077526128,0.00092236863942466,0.00225745282070683,8.89064027212062e-05,0.000553762610036967,0.00136845066386965,0.00133555208357023,0.00120941563466631,0.00187765720192779,0.00103589680054882,0.00196353123578972,0.00312456822987886,0.00201924806235443,0.000456406197323379,0.000292958944380846,0.000670598038910072,0.00121223977933053,0.000892493452878662,0.000886785956843758,0.000753516584862667,0.00117675048648254,0.000464550583221523,0.000373715996083072,0.00163972727576009,0.0018627173712956,0.000769688201192554,0.000786113174197996,0.000994338936423326,0.0007752109064747,0.000781142045559811,0.00081482940759777,0.00101016441195444,0.00122542887148759,0.000714082602225362,0.000939917275320854,0.00135786273883623,9.49998940409799e-05,0.000550034901428646,0.000828719372331435,0.00028553768917767,0.00055610387427358,0.0011325490259628,0.000697588561486697,0.000609642515576737,0.000762754150780032,0.00115112003181214,0.00103920838101343,0.000181221501012865,0.000813695375977794,0.000753865477765382,0.000629275963049575,0.000324554070766373,0.000715911653647236,0.000665439888006517,0.00119762218503267,0.0010490880692562,0.00151623377375326,0,0,0,0,0,0,0,0,0,0,0,0,0
0,0,0,0,0,0,0,0,0,0,0,0,0,0,0.0228698963182342,0.0286771562813246,0.0313376785137828,0.0251831650630569,0.0207196655146707,0.013676962693978,0.0183068940715829,0.0151184989512334,0.0148445329135239,0.0163607045672365,0.0164574724468496,0.0187429025915345,0.0211337998600475,0.0213425899505804,0.0199818427831255,0.0202763609808676,0.0199388881645522,0.0206043835960715,0.0133925925486477,0.00564860466035557,0.00315879876112448,0.00189510782192353,0.00107135906763723,0.000617571914163499,0.000244440999967535,0.000182926231060173,0.000309810163858757,0.000195322607017361,0.000950062220838037,0.000384239227761433,0.000221227127135316,0.000126604122168589,0.000451916565829594,0.000471449996470608,0.000816523930649573,0.00100321817487076,0.00107578150056617,0.00126438050432083,0.00203560488034996,0.00128072962962149,0.00138688542880492,0.00201370544505823,0.00118409182761449,0.00190491076082026,0.00178449313879076,0.00199115699714956,0.00121181217038311,0.000410492281422553,0.00118292828174992,0.00282064966193231,0.00247311357243668,0.00128387903298714,0.00127512999867348,0.00167001393539797,0.00250367390272403,0.00119039231482121,0.000862313326661839,0.000272622125047436,0.00123641312727798,0.000735764964009555,0.000275239905563091,0.000628193925645919,0.00100366327556101,0.00135860296664803,0.000754720261691789,0.000392182413552522,0.000646645210172339,0.00100399225306782,0.000456469662423993,0.000828840241769726,0.000278440767411237,0.00059038818222848,0.000114806196568792,0.000594524116993256,0.000324487142889762,0.00129264555825593,0.000469822875319571,0.000800375415420692,0.000633440626149545,0.000483142913459113,0.000428968355531332,0.00051659857795248,1.74299356712281e-05,0.0005244881149751,0.000567161815454551,0.00106525026954549,0.000788247834344936,0.000414151863574464,0.000467817210035134,0.0004390950044263,0.000525301650778529,0.00141858484480237,0.000746431841459899,0.000869221095472647,0.00134645630558411,0.00116212655298799,0.000536695787604799,0.00111413184110139,0.0009458054357808,0.00183267934591643,0,0,0,0,0,0,0,0,0,0,0,0,0,0
0,0,0,0,0,0,0,0,0,0,0,0,0,0,0,0.0302189852010194,0.0241420722956088,0.0197705056850574,0.0175865532153933,0.0143310328405763,0.017361363998325,0.0110465116257761,0.0118417297336055,0.0128502080903504,0.015362372581305,0.0198385182822296,0.020828221484978,0.0226212620870045,0.0222567281709891,0.0203522930022279,0.0215635281821305,0.0169643706077657,0.00837347936405886,0.00385335191264077,0.00212892452261065,0.00140687675464969,0.000787544919578815,0.00063588676101258,5.16223248104879e-05,0.000156039414974989,3.87311249307852e-05,0.000527562068138576,0.000429821559692237,9.35517127685412e-05,0.00015657446964419,0.000340752222197176,0.000387714051327448,0.000819447574681544,0.000906306992299977,0.00133552531799492,0.00244865425955196,0.00150625054570751,0.00108281186366581,0.000620726420470179,0.00116463335478778,0.00157403887426107,0.000366523162304933,0.000959354154241619,0.00314878626376432,0.00156384193113899,0.00118587936179704,0.000449026609954661,0.000813857068524704,0.00273738107886599,0.00238036370539039,0.00117124164214479,0.00116526483118061,0.00204680783155454,0.00205149982114162,0.00127058469182963,0.00216159279225787,0.000895844394652338,0.000806984982829953,0.000250017147279481,0.000270075062932369,0.00055158782215492,0.00115523836859758,0.000741682557187449,0.000546100670735411,0.000339356039376264,0.000619196159271214,0.00140466978913825,0.00141063187242731,0.000144225038898769,0.000612161302227954,7.51306891585579e-05,0.00015811405460454,0.000732916554235769,0.000842272031553695,0.0014564061945775,0.000912372071839341,0.000543412590318516,0.00064555636968169,0.000496127824628306,0.000546493446695901,0.000414667074179791,0.00072379056505661,0.000897605446568753,0.000705409741584285,0.000252189803784243,0.000477994315174951,0.000547338526036394,0.000624592720849818,0.000275464553290243,0.000526227543389288,0.000127641726808488,0.000492767263153748,0.000506687568966002,0.00123702891110062,0.000348783426213639,0.000978429203389844,0.000837712941684259,0.00144548632010192,0,0,0,0,0,0,0,0,0,0,0,0,0,0,0
0,0,0,0,0,0,0,0,0,0,0,0,0,0,0,0,0.0243393478559429,0.0192726816922384,0.0140088314225718,0.00748858993034144,0.0099499240176195,0.00755588571182484,0.00735719623895565,0.0107647949582168,0.0152844919913649,0.0200332431856804,0.0208007353190963,0.0230771664850587,0.0220009795421754,0.0207248374585259,0.0159837228028487,0.00983296165275287,0.00560655174497107,0.00264823707697313,0.00159759899479814,0.000824838252846302,0.000529225983064546,0.000172701458993979,0.000170987273599532,0.000159341910886102,0.000486727897963779,0.000542421352983176,0.000253042747355639,0.000113285846977877,0.000323839877136983,0.00044383259536703,0.000395115798817373,0.000184067067355741,0.000277610421301221,0.00112511099366543,0.00198522056202637,0.00134724894321938,0.00126595295382609,0.00109727489586221,0.00035063759627198,0.000931566833737739,0.00247186753007513,0.00160961116635707,0.00266626250415226,0.00176874695632265,0.00147475303825721,0.00158890183417958,0.00181444351046144,0.00231600968030854,0.00258132369462545,0.00137672890481355,0.00117458800262361,0.00193131660595623,0.00171542723620807,0.000264441937935714,0.00176326582090492,0.00163202982729743,0.000766511874702709,0.00105929863392117,0.000995438347629311,0.000995943222000455,0.00136496768008713,0.000640428311604599,0.000278400345591393,0.000739804751744914,0.000292770062314182,0.000557284375419908,0.000361668755992199,0.00128223314662795,0.000938198672540745,0.000379051119301993,0.000635793611785981,0.000575765540530609,0.00095096879584696,0.000544478515703018,0.000357190566138844,0.000330323474019007,0.000767314210533367,0.000754404965445972,0.000133962322167401,0.000687058072124603,0.00157828022743199,0.00064672532558402,8.66821483291446e-05,0.00164271884819274,0.000472086424931691,0.000751449936192431,0.000213338401115582,0.00125402571482271,0.000954722693181976,0.000137453429600667,0.00023280152448906,0.001063767443163,0.000770503016436761,0.00151858454954108,0.000482608263631085,0.000991085058703933,0,0,0,0,0,0,0,0,0,0,0,0,0,0,0,0
0,0,0,0,0,0,0,0,0,0,0,0,0,0,0,0,0,0.013243401757195,0.00122015959525812,0.00121524505568566,0.00772132777221124,0.00293198632139692,0.00501655858632643,0.00988396025133161,0.0150435464507265,0.0196189756062775,0.0186058072132324,0.0204063815842824,0.0208616177417273,0.0162757909861933,0.00780154690947956,0.00757866266423689,0.00419085282120597,0.00204519571689652,0.000900824230739641,0.000692126935518054,5.83880421608878e-05,0.000405601390211143,9.97752281017295e-05,0.000366818191801084,0.000355133727390687,0.000279054057836969,0.000232560837184099,0.0002313893251028,0.000468579086671016,0.000718356701324989,0.000500918151453566,0.000268720734154893,0.000804719409697352,0.00191848378747379,0.00133800120010366,0.0014026673026999,0.00143776991988193,0.00391166468713267,0.00180538714392504,0.000206100955455855,0.00141507628073878,0.00320714653666806,0.00178936516583442,0.00205331859490574,0.00161713361640401,0.00321020971754077,0.00277550966675823,0.00141509270481131,0.000692273686818829,0.00157279326709624,0.000645228272387585,0.00267454767294267,0.000645158981507911,0.00232693421484971,0.00206662851607397,0.00157048854250096,0.00188738492178635,0.000513880677120681,0.000325334318001512,0.000592817943293806,0.000542999842375025,0.000887651623897558,0.000921265663067711,0.00052446261759387,0.000948382105465384,0.00151448713020055,0.000652846026744378,0.00104166982438244,0.00149595941762926,0.000522173944740421,0.00108226921860904,0.00153426482804149,0.000433925309969012,0.000872166538352235,0.000392850078125503,0.000833747847425466,0.000178043586288064,0.000449963739011724,0.00044928178934115,0.000926364681544299,0.00100594043568868,0.000542431835370157,0.00110058470815162,0.00084947477581103,0.000906037709770099,0.000587452229361682,0.000443113508920045,0.000271719488503947,0.00037045207953803,0.000730687241336761,0.00122357245863328,0.000854767092202125,0.00141111631678133,0.000927402263357371,0.000445902243208632,0,0,0,0,0,0,0,0,0,0,0,0,0,0,0,0,0
0,0,0,0,0,0,0,0,0,0,0,0,0,0,0,0,0,0,0.00240012107179778,0.00560303101701548,0.00871995897808948,0.00397664019390516,0.00554306695250498,0.0104322537178535,0.0112983889284839,0.0141080295493923,0.0148307326335344,0.0183978341576437,0.0145053003371694,0.00836060635199011,0.00581473637994682,0.00437607173841153,0.00227794222389912,0.000836333098232385,0.000901881415187434,0.000417495728009271,0.00022834753302475,4.04997440437251e-05,0.000205769835357558,0.000340370402097551,0.000534142218309955,0.000605897512705866,0.000476144701961292,0.00098336683756761,0.000940172856903827,0.00115793085439118,0.000118948249049042,0.00116446811817421,0.00118314580598011,0.00307937753424893,0.00365633661865951,0.00471035369570446,0.0039979097139964,0.00206523816730487,0.00221802856558079,0.00205429414361764,0.00262426082611532,0.00304230892096434,0.00300228782940934,0.0048962730662977,0.00223369351730983,0.00132673551322772,0.000876667294107577,0.00100949970012149,0.0020253792658401,0.00248949447114007,0.00414122203501713,0.00332786053831801,0.000756993992367817,0.00187513530438701,0.00259935042913964,0.000779966627805221,0.0011851001891174,0.000671365230824653,0.0017118890954876,0.00206449498704387,0.00127521675323013,0.00151209235008868,0.000924875918772846,0.000561429686463534,0.00150425764413132,0.000725718663165622,0.00169992781760303,0.000819222240873582,0.00129641518060216,0.000757922667829425,0.0025942183917889,0.000720214633312731,0.000938418240121892,0.00102022721630488,0.00119456433310799,0.000857842242513869,0.00103643635614748,0.00125917799888801,0.00115239750798633,0.00159496695370831,0.0010430947675871,0.00117623244378879,0.00173560635092306,0.00125798629600921,0.000950945091556677,0.00191906657406487,0.00179468729795073,0.00127051699957406,0.000723413681306026,0.00133271894998042,0.000942260666223422,0.00152531172816803,0.00021628236337301,0.00113830592874719,0,0,0,0,0,0,0,0,0,0,0,0,0,0,0,0,0,0
0,0,0,0,0,0,0,0,0,0,0,0,0,0,0,0,0,0,0,0.00748317291004864,0.00885521732329591,0.00353565767296625,0.00700256483119521,0.00711649932159715,0.00737697566508454,0.011970241670892,0.0136618015241486,0.0127353265783761,0.00767266666047664,0.00750436970795171,0.0048166894712309,0.00329496007752364,0.000688776063259081,0.000850034678613111,0.000631000815273484,0.000344494418691589,0.000350460710085119,0.000298647931726678,0.000171181807162176,0.00072932810982858,0.000588899069900214,0.000587127257014543,0.000499118445184175,0.00123411316390931,0.000250585911654862,0.000618363371451217,0.000571913639455868,0.000871165229509787,0.000617449190009943,0.00217166134594626,0.00208858680155749,0.00040232237028624,0.00327813545437096,0.00133673611762724,0.000503591922235116,0.00499843810304142,0.00247766827808391,0.00179252144722351,0.00234635710682482,0.000842722630359337,0.00210017954294841,0.00413413405917433,0.00150617085760501,0.00107511630358786,0.00486654999831145,0.00273949227826473,0.000911128804704778,0.00254895316008598,0.00330459020203643,0.00419192639637045,0.000703713991894568,0.00422395883734625,0.000794662307410692,0.00120352208862975,0.00271858505399737,0.00157955624049543,0.0011489930922458,0.002091717413112,0.00153906991804224,0.00249122966651483,0.000809768642719338,0.00234008444618123,0.00319084276124463,0.00241944850473864,0.00165364798860233,0.00242620654486775,0.00316032639152218,0.00285071448695913,0.0010457594605424,0.00139644195809263,0.00163962211872351,0.000880079761734553,0.000732876643030268,0.00134851846526738,0.00186645445353914,0.00260042440903378,0.000591864642193575,0.0006431364299567,0.00115416029746908,0.000382356555416462,0.00114916092148913,0.00197088776211009,0.00132593155695949,0.00091132317652978,0.00157243136077712,0.00111005534318431,0.00139285987733595,0.00129055937012474,0.00107314388472884,0,0,0,0,0,0,0,0,0,0,0,0,0,0,0,0,0,0,0
0,0,0,0,0,0,0,0,0,0,0,0,0,0,0,0,0,0,0,0,0.00773206136687773,0.00915939207998516,0.00731794581077685,0.00358648495996485,0.00786606075151131,0.0113589805267716,0.0102161929395835,0.00743842970233707,0.00749768201233753,0.00420007418733769,0.00168233657376301,0.00136836370366002,0.00112714782261512,0.000498188668284836,6.98285161778696e-05,0.000425888756526175,0.00010971150022445,0.000940010385436803,0.00040270836392384,0.000425518307153715,0.000175603783865077,0.000564968599511783,0.00139536064108663,0.000926548343446582,0.000621366148929522,0.00182168494079695,0.00127693335257786,0.00155350684803039,0.00267251863225992,0.00307422422998626,0.00350293096794897,0.000612718698518559,0.00374805157785149,0.00579555949851295,0.00185036802809309,0.0012313002524741,0.00540042652901379,0.00491342688280285,0.00716221798313303,0.00285229680932087,0.00361294875708151,0.00256713608354094,0.00284911626506257,0.0071596976709703,0.00470837703930027,0.00349120388661244,0.000103247676864045,0.00187525117562304,0.00369485370290416,0.00393737226501623,0.00533981517580812,0.0046739839234358,0.00115526862634281,0.00130156630092503,0.0024329054018376,0.000657745397258876,0.00244993008730126,0.00128132877855468,0.00293654491352002,0.00449664974523356,0.00426101328749902,0.0029670374633843,0.0044835215006851,0.00222117910980793,0.0029540644806328,0.0039677791949735,0.00369375293139383,0.00265258127605324,0.00129160861119229,0.00220656591150917,0.00144256499345399,0.00258689629990877,0.00149303600823436,0.00267083906650656,0.00234684504000986,0.00311648188572368,0.00102487071482127,0.00104054656695761,0.000629198315962426,0.000908385704845536,0.00094645028300191,0.00244387391660931,0.00112502868156636,0.00586367082387791,0.00268213436925758,0.00150047080319182,0.000575831760183077,0.00187923372034555,0,0,0,0,0,0,0,0,0,0,0,0,0,0,0,0,0,0,0,0
0,0,0,0,0,0,0,0,0,0,0,0,0,0,0,0,0,0,0,0,0,0.00596990961674305,0.000228681665079625,0.00471426140457637,0.0079283618566897,0.00696496904942124,0.00505353384215522,0.00444444189200975,0.0031535959010115,0.00228407702203713,0.000945268331637159,0.00145603528730662,0.000776840941807153,0.000257783821308457,0.000271980441582453,0.000173760613616894,0.000137630300087746,0.000475791335183153,0.000401263527931607,0.000371357839373946,0.000749410763616807,0.000682720589094488,0.00105844989232097,0.000338790686176888,0.00125753409187566,0.000948624012659079,0.00183639692709844,0.00208277443932888,0.00380694118065237,0.00791599522586147,0.00131987654697764,0.00569956698419344,0.00234837517952789,0.000831349400035693,0.00256837362169429,0.00333029519655284,0.0076438933069332,0.00274532181616565,0.0110183530646052,0.00207710407038872,0.00491916631794028,0.0059030004530056,0.00260650983235594,0.00510377271910483,0.00715391633357316,0.00190743874470026,0.00293322927505703,0.00440573170471654,0.000917137927972348,0.0026680825756326,0.00156033181505001,0.00377968301879215,0.00181251371653321,0.00284626562982656,0.00212583369370008,0.000841118936556312,0.00190158137672129,0.00357554741318855,0.00455518224224601,0.00387047732961094,0.00182752308955677,0.00327174538422703,0.000611103327006936,0.00248263108997609,0.00387099212122146,0.00324082412797979,0.00296660624225279,0.00138092241324472,0.0011833825421635,0.00211186977409015,0.00209361739369202,0.00357456441525199,0.000971907183754517,0.00115008032437375,0.00174341750498121,0.00252501642438845,0.00178205637341115,0.000413557875374552,0.000757609939952091,0.00430497484148862,0.0023329606386036,0.00160027200930395,0.0047654836775705,0.00207931804909567,0.00300061759122001,0.00323677884027076,0.00211157882824843,0,0,0,0,0,0,0,0,0,0,0,0,0,0,0,0,0,0,0,0,0
0,0,0,0,0,0,0,0,0,0,0,0,0,0,0,0,0,0,0,0,0,0,0.00664590660547693,0.00833679804125273,0.00873048670032597,0.00702586802588931,0.00246035649369019,0.00250803238512633,0.0017162079279332,0.00101936241371292,0.00113063930266205,0.00102919503195388,0.000621734550606478,0.00068726522302248,0.000176651456908372,0.000241094653041351,0.000641983845499348,0.000565798846444795,0.00091264219904398,0.0010130219012483,0.000394420117370103,0.000660636858348548,0.00101903572529506,0.0016522724785254,0.00103192885844364,0.00238478324684744,0.00133319764156573,0.00131120218823706,0.00116634850067009,0.00340841793486884,0.0047159753635897,0.00607096130541178,0.00498766752584934,0.00456118348870679,0.00528011977944485,0.0115857822986105,0.00552485716240019,0.00537780584031027,0.0089710139111963,0.00181226117650269,0.00699503840741114,0.00422509990461356,0.00325223549658839,0.00640537691030028,0.00177768380510082,0.00490281854631454,0.00261724697260088,0.00229116204679305,0.00403819576527468,0.00702099386216042,0.00489086032640929,0.00276716456902127,0.00336636965141828,0.00126618430338624,0.00178228715753074,0.00085159375660357,0.00396255690325762,0.00392604610319624,0.00950724961048751,0.00389954905301295,0.00270121336514881,0.00801817743532589,0.00553529191588856,0.00527127211737013,0.00632351648657724,0.00205391477208641,0.0026574041693974,0.00197307196377653,0.00404543503646793,0.00280030295237462,0.00442346991420373,0.00244468961125983,0.00201252612234378,0.00333576758758372,0.00072063371311968,0.000981502770297097,0.00177137342690639,0.00272597277513832,0.00173504631735512,0.000618060996756565,0.00231755663295957,0.00412044966193141,0.00644633688345369,0.00325977702969833,0.00314651836293533,5.30839815564407e-05,0,0,0,0,0,0,0,0,0,0,0,0,0,0,0,0,0,0,0,0,0,0
0,0,0,0,0,0,0,0,0,0,0,0,0,0,0,0,0,0,0,0,0,0,0,0.00976838813574662,0.00673043016275177,0.0047688748628899,0.00227884013517955,0.00184070852329252,0.000941910788324871,0.000967563972385075,0.000356271753900075,0.000631603277643439,0.00017366936712116,0.000199583415624629,0.000219090259038693,6.59287132616778e-05,0.000248737824771727,0.000249280255036984,0.00113802466878387,0.00084475581331409,0.000775150214737843,0.000750932642787721,0.00111180871334345,0.000646699460904716,0.00119159237494426,0.00077503400713368,0.000585744884716556,0.00133057000144513,0.00240506023590409,0.00636167220324258,0.00360509145212664,0.00478805561734041,0.00793473422151607,0.00141056246164107,0.00333054993595208,0.00635837524125555,0.00179750465606937,0.000995528206224002,0.00152845589728915,0.00689480389202733,0.00163874716816952,0.00222400476642674,0.00149354014273292,0.00176002239716049,0.00563552705671731,0.00164567942219895,0.0032282520897556,0.00178432999512518,0.00112762908283813,0.00514644386893051,0.00249272789295572,0.0024110909432063,0.00163152157222815,0.00181488592894019,0.00195438093979458,0.00211001682578915,0.00212393418205296,0.0041256468177664,0.00402351015727205,0.00142717876034772,0.00237708879849379,0.00307524581225161,0.0030580311482225,0.00330310701081335,0.00167483863417862,0.0013135679015108,0.00193808863881,0.0026021457070656,0.00453909870732308,0.00143356789686292,0.000610555770402648,0.00158509301019293,0.00247109224537122,0.00207465825863955,0.000627658781700021,0.00149037173183372,0.0010644732383321,0.00185259403908267,0.00137230591006883,0.00167675917275905,0.00355302652453647,0.00371497671007455,0.00129457900814038,0.00339995401847178,0.000851242082704905,0,0,0,0,0,0,0,0,0,0,0,0,0,0,0,0,0,0,0,0,0,0,0
0,0,0,0,0,0,0,0,0,0,0,0,0,0,0,0,0,0,0,0,0,0,0,0,0.00331651099899451,0.00215583399525594,0.00211709921929085,0.00112851301206591,0.00107325049172793,0.000334248153994391,0.000247746856528207,0.000552146384158981,0.00129747060021064,0.000959410499569533,0.000445006769374416,0.00044625955095179,0.00074842697946313,0.000705805296740773,0.000460142089952363,0.000318237340878996,0.000343118132699381,0.000801285161527357,0.00140521846626226,0.00122544151627749,0.00115760963972179,0.0015888391900823,0.00219147861511518,0.00412230435290695,0.00424266044169222,0.00138641050997345,0.00579390626159813,0.00807342262390379,0.00353913364370269,0.0102938058104749,0.00706147599963882,0.00144321752914949,0.0027259816155661,0.0020032123055737,0.00708387360407206,0.0052853192405189,0.00425199648836436,0.00152941717587282,0.0036623342207723,0.00556547753148213,0.00795247529317184,0.00224244396079017,0.00328272539668526,0.00421476729781788,0.000904022645775421,0.00274726564918106,0.00126711858494077,0.00516630038115687,0.00207324728730903,0.00217421460433919,0.00149816121117497,0.000429779187216811,0.00172544748337302,0.000742237146457928,0.00175246861746221,0.00185964718476316,0.00141691890282191,0.00196283243961583,0.00343911111842377,0.00163672610140105,0.000726732493033755,0.00197403471143171,0.00349512331340774,0.00224459606809533,0.000690111078290898,0.00285374886651335,0.00134351479092689,0.00256901574347615,0.00165640771250316,0.000818297102699889,0.00104781408301143,0.00237502277049059,0.00119827419020735,0.00233109781138916,0.00184398165379919,0.00148683113863966,0.00175381393924392,0.00316690201813416,0.00166695576338471,0.00250823403976001,0,0,0,0,0,0,0,0,0,0,0,0,0,0,0,0,0,0,0,0,0,0,0,0
0,0,0,0,0,0,0,0,0,0,0,0,0,0,0,0,0,0,0,0,0,0,0,0,0,0.00172617220189329,0.00128789101679333,0.00123503072518472,0.000508271419553794,0.000168263795027161,0.000723767206897652,0.000233192908476619,0.00183894425429322,0.00101847418194283,0.000531678021521581,0.000167397569052448,0.000519203688603033,0.00133560722127693,0.000373223560009224,0.000781395787008513,0.000388767455377881,0.00111043383338177,0.000302764200101344,0.00161155426834111,0.00261877031096812,0.00218030870994386,0.00227444970855877,0.00144065485705677,0.00129897773240759,0.00408284026575419,0.00458172137181768,0.00782275527884722,0.00271399779928445,0.00396578667201875,0.0055703595226585,0.00238342377614823,0.00313829964169889,0.00244100517644579,0.00318525076411313,0.0062993155856706,0.00285187864520047,0.00512851361198732,0.00316054307744659,0.00167893567394225,0.00430563143789401,0.00651676577763298,0.00440272348440241,0.00335411522291556,0.00446845810543477,0.00515268402017712,0.00706466889199857,0.00247220974437843,0.00234706378991615,0.00266539162799538,0.00326968483842908,0.00275144963294293,0.00356685314389671,0.00205205480724146,0.0028293270768875,0.00104736749164973,0.00246497827889565,0.00401311528103389,0.000598907718774972,0.00111244927837313,0.00112396033226229,0.00226861838570137,0.00118365875752304,0.00230373490559414,0.000737018684117324,0.002279485927176,0.000455875163176443,0.00128994011079346,0.00130996082423623,0.000884646558835119,0.000443744080849819,0.000981300796176892,0.00238903576975606,0.000964310665795179,0.00316674614686982,0.00191102045636747,0.00287273424020517,0.00341394871889391,0.00336560510208709,0,0,0,0,0,0,0,0,0,0,0,0,0,0,0,0,0,0,0,0,0,0,0,0,0
0,0,0,0,0,0,0,0,0,0,0,0,0,0,0,0,0,0,0,0,0,0,0,0,0,0,0.00109931805177169,0.000647076579391876,0.000603179756944775,0.000548942464197596,0.00098885472565564,0.000636269176926044,0.00183195331899437,0.000916648047162741,0.000193042057987072,0.00039053128876227,0.0010081391205549,0.00159631624112727,0.00157384467595143,9.00006854792579e-05,0.000719793077289936,0.000881402172767798,0.00198271033612857,0.0017976009890877,0.0021983764675134,0.00112590386576741,0.000972684621495479,0.00105942512333408,0.00206426587557221,0.00196861099858841,0.00178131602454305,0.00400184522447549,0.00411578607988369,0.00272839854070625,0.000854973783796136,0.00245032836203035,0.00215846200127368,0.00326641369936597,0.00596956119692953,0.0034592439476607,0.00288678490158114,0.00058328004029586,0.00437885392210253,0.00494067700222744,0.00516810644973389,0.0011865014882031,0.00410808229060995,0.000534793429505553,0.00548106166036769,0.00288789176457838,0.00241679110457384,0.00166550463258283,0.00236303061977804,0.00296791181303344,0.00270982963924893,0.00197666836817765,0.00254088536476433,0.0026786928625008,0.00130768434139985,0.0021144773035066,0.00150675158546688,0.000586332197111069,0.00162357641214753,0.00116211106542805,0.00173760933521608,0.00231997825016609,0.00180862977800685,0.00155690836409346,0.00103664988719717,0.00309600904517333,0.000664880602307772,0.00164211529495381,0.000280841053974911,0.00269958261410561,0.00199292538460968,0.00105229173783759,0.00175352317322442,0.000471762175311143,0.000619011685253924,0.00114959981924036,0.00049257228216755,0.00200554360339087,0,0,0,0,0,0,0,0,0,0,0,0,0,0,0,0,0,0,0,0,0,0,0,0,0,0
0,0,0,0,0,0,0,0,0,0,0,0,0,0,0,0,0,0,0,0,0,0,0,0,0,0,0,0.000267953734653471,0.000441880930748649,0.000229105697427767,0.000572782403212418,0.000325991067164556,0.000905228606675406,0.00106741411252349,0.00076708682817806,0.000418379712296405,0.000306444325535721,0.000612830665622432,0.00218824703783837,0.000617735694294342,0.00122542303553686,0.00261571336341495,0.000510774911406744,0.00206172394899115,0.000656862816236341,0.000523564411283759,0.00113540743409881,0.0021371492310613,0.00242094996621681,0.00134671237469155,0.00313755950168206,0.00482482397584454,0.00138022078124527,0.00434533345823886,0.00319284071405663,0.00285922753594808,0.00338454757887136,0.00225117664787302,0.00451942960750029,0.00247567936761737,0.00315932107093438,0.00519644314889938,0.00593437307627412,0.00514228513494037,0.00461245870839092,0.00105770661120578,0.00564922116780391,0.000574911926423792,0.00242101243348303,0.0042235219042084,0.000416371059276325,0.0033828928747527,0.00202833244250366,0.00167718977640709,0.00227192367626764,0.00101960117620627,0.00189330694719545,0.00324026091564655,0.00250349825677192,0.00251806587709941,0.000357995368994322,0.00147518615725169,0.00116423547572785,0.00103702160816294,0.00127134556033557,0.000417961180061547,0.000392981628104097,0.00214852035453489,0.000900186536727104,0.000852681401834715,0.00180392913865631,0.00150618837995887,0.00155081445151261,0.00140829294774667,0.00108056410354554,0.00112591189613333,0.000312227946014724,0.00175665356721568,0.00135408706636987,0.00255276038364632,0.00271999310102883,0,0,0,0,0,0,0,0,0,0,0,0,0,0,0,0,0,0,0,0,0,0,0,0,0,0,0
0,0,0,0,0,0,0,0,0,0,0,0,0,0,0,0,0,0,0,0,0,0,0,0,0,0,0,0,0.000259991156302872,0.000287581485466935,0.000118692514724169,0.000254022980524047,0.000413417995445395,0.0014039616326866,0.000913860319607454,0.000253799777897986,0.000100760979673199,0.00166083743959644,0.00054444186884014,0.00190874161070063,0.00283338641180366,0.00198940549682983,0.000487931699250609,0.00204378619674445,0.000667708629049523,0.000786387586810214,0.0025551835168436,0.00113245254024761,0.00187890504919164,0.000931411001967158,0.000326804440295362,0.00363006818168591,0.00330278094983726,0.00104570063254925,0.00334260434861507,0.00808662173091329,0.0040471602045279,0.00210844957167796,0.00110753864181016,0.00369378154028527,0.00476603873959695,0.00240590729130209,0.00213477989383907,0.00292223596877764,0.00724740934875744,0.00259218826853985,0.00626822532217027,0.00154806221115931,0.00482684369952544,0.00394425331502342,0.00379288634916615,0.00233178653280975,0.00293438127957232,9.13766500751222e-05,0.00188905208035612,0.0029606019818905,0.00185544978605636,0.00202164100808868,0.00224644194637182,0.00162147066908115,0.00179715433467097,0.00254245555745448,0.00138742890156325,0.00260886090716911,0.0010446562145194,0.000968634248960353,0.00189869966237868,0.00146970298701066,0.00237159483734512,0.00134404794718149,0.00227466045320818,0.00145067475326976,0.00360408909749682,0.00343754178520877,0.00129211172349941,0.00309222406042258,0.00298466553779459,0.00103824109279427,0.00390850627162603,0.00197478862616119,0,0,0,0,0,0,0,0,0,0,0,0,0,0,0,0,0,0,0,0,0,0,0,0,0,0,0,0
0,0,0,0,0,0,0,0,0,0,0,0,0,0,0,0,0,0,0,0,0,0,0,0,0,0,0,0,0,0.000322191361344599,0.000613405712075041,0.00136632895613537,0.00085699521135721,0.000939316049329314,0.00103323914730144,0.00015480942845877,0.00131238167187918,0.000409127951409944,0.0025604892254639,0.00282428093790744,0.00194176133485917,0.00196444649338298,0.0010355162509939,0.000841139922602783,0.00154651186189884,0.00177305093770645,0.0021145331962273,0.00102905362064204,0.00303118146999472,0.00300168613127516,0.00214349440667276,0.0037882757251381,0.00721622446525279,0.00182559077411949,0.00528715169527702,0.00639099759118025,0.000854369212052311,0.00358308077912347,0.000785474397480145,0.00172565924377961,0.0056512745692598,0.00155625759780318,0.00487200952562187,0.00372333773234838,0.00586591908664814,0.000932009033075988,0.00284763328860107,0.00339991352620545,0.00329974287597816,0.00383919886490328,0.00275385959049063,0.00373378094482561,0.00201787606462171,0.000634980493734558,0.00323645449725455,0.00572040946530965,0.0031824310451001,0.000811951692428034,0.00164251740585055,0.00155427966873634,0.00217658063870211,0.00146952172564805,0.00372263366880612,0.00368463735849311,0.00132993336789534,0.000945735321465625,0.00144939414613758,0.00357661093158668,0.000954669848230633,0.000452070954361362,0.00248797491375089,0.000670920640636452,0.00269947479051505,0.00283688266618831,0.00103158980175167,0.00233877256071466,0.00350696015517292,0.00136066954132174,0.000566258243424535,0,0,0,0,0,0,0,0,0,0,0,0,0,0,0,0,0,0,0,0,0,0,0,0,0,0,0,0,0
0,0,0,0,0,0,0,0,0,0,0,0,0,0,0,0,0,0,0,0,0,0,0,0,0,0,0,0,0,0,0.000762425834727532,0.000746077645155064,0.00373688657176166,0.00230255317761304,0.00112324160520744,0.00343922650260758,0.0032912234372218,0.00406689357581008,0.00311806057611201,0.00212713173470665,0.00406408707901272,0.00496600238388013,0.00478521584319469,0.00125141358388913,0.00202776843140394,0.00406009730044969,0.0040738354784577,0.00503108443015316,0.00489271240755471,0.00720490419257572,0.00528682977793478,0.00605432453215421,0.0031604444898827,0.00308834026402759,0.00296649489987012,0.00758857384466005,0.00391216101250177,0.00504000111522041,0.00553271159693997,0.00197058276560014,0.00356573802153929,0.00679314361212914,0.0115152779774217,0.00752549030170411,0.00820063570687685,0.0077811555812796,0.00364332058606623,0.0081119978188076,0.00509249432920681,0.00501143839057943,0.00835812111492589,0.0024159947776902,0.00497633435039401,0.00242334932213273,0.00480824514601639,0.0104835925136172,0.00231849327236153,0.00127026043305109,0.000975678464448567,0.000393779524922588,0.00359041002954409,0.00660083906067383,0.00347503633644252,0.00158218923294695,0.00224222575936957,0.00381440473521807,0.0016926343653609,0.00186109612041668,0.00178513964973719,0.00267384831359459,0.00110641788935723,0.00281558569628099,0.00281989731202131,0.00358020651961737,0.00672540724712383,0.00566627569359094,0.00350528484495899,0.00284975644661846,0,0,0,0,0,0,0,0,0,0,0,0,0,0,0,0,0,0,0,0,0,0,0,0,0,0,0,0,0,0
0,0,0,0,0,0,0,0,0,0,0,0,0,0,0,0,0,0,0,0,0,0,0,0,0,0,0,0,0,0,0,0.00353246854881474,0.00212547210061251,0.0019758870573756,0.00292921668710041,0.00372309296721102,0.00177214102585708,0.00364945662386582,0.00501610003999461,0.00270651701569717,0.00804224027677849,0.00326742862606963,0.00192627793700297,0.0059229324116491,0.0048558080243422,0.00271558600425113,0.00367721153815113,0.0069480591182576,0.00277806992881727,0.00516723833331856,0.00285428624231483,0.00621572398789334,0.00687638739670363,0.00715280347894989,0.00527469194154525,0.0100093738544307,0.00940560586206791,0.00336297699164344,0.00733077427157362,0.00407436689170358,0.00451937233554344,0.00434505012701079,0.00769356480553753,0.0103321168124203,0.00676003722422812,0.00618611686065023,0.00507964069982006,0.00375047268433365,0.00385238950376716,0.00620644212310201,0.00196726315454858,0.00285491446966711,0.00142800568402741,0.00110971098419428,0.00981829076526911,0.00626488321934341,0.00141683550797822,0.00225369876524976,0.00141233618720507,0.00474872496903132,0.00484124053921132,0.00588298345686252,0.0022856915898324,0.00215141853118363,0.00218081755666757,0.00670145143966997,0.0016122311768337,0.00190830365261186,0.000343620582439247,0.0031639494234703,0.00277687691104717,0.00234940253047568,0.000979000174710817,0.00570042696469049,0.00635818205360765,0.00332433163838915,0.00122325698254176,0,0,0,0,0,0,0,0,0,0,0,0,0,0,0,0,0,0,0,0,0,0,0,0,0,0,0,0,0,0,0
0,0,0,0,0,0,0,0,0,0,0,0,0,0,0,0,0,0,0,0,0,0,0,0,0,0,0,0,0,0,0,0,0.00222854405792819,0.00643776100838951,0.00243712296600417,0.00193569541348509,0.00275230032889922,0.00625397359098221,0.00885864664413727,0.00313750583580621,0.00554463636997813,0.00181888005100643,0.00570704841144139,0.00371660190593956,0.00248711082422058,0.00180206767059866,0.00193930329513225,0.00326007351145333,0.00176399980113899,0.00371492633675644,0.00442932932678518,0.00409410101855965,0.00334431343929217,0.00364028270514857,0.00697610174310306,0.00598461911028661,0.00817076153052002,0.0056352437318174,0.000675921003350101,0.00488658246751094,0.00514538842106849,0.00343176992996063,0.00481497813854182,0.00788982786957874,0.00729615478484744,0.00169792866967079,0.00686699307569829,0.0092980016786206,0.00211694111496489,0.00215625835097142,0.00258387552911945,0.00276577747287742,0.00289950716137985,0.00423444398460493,0.00532471325865418,0.00352278844509535,0.00132102581295602,0.0011424563563826,0.00255155603244625,0.00320009626220928,0.00117877602660305,0.00401528382044709,0.00141438603270476,0.00334394949586495,0.00212396359788677,0.00164683017179984,0.00191993227134304,0.00181287867823269,0.00174095993690901,0.00395835210875387,0.00278535658165499,0.00129739842544153,0.0031698239031488,0.00324177713291365,0.00165682069085132,0.000333769825927718,0,0,0,0,0,0,0,0,0,0,0,0,0,0,0,0,0,0,0,0,0,0,0,0,0,0,0,0,0,0,0,0
0,0,0,0,0,0,0,0,0,0,0,0,0,0,0,0,0,0,0,0,0,0,0,0,0,0,0,0,0,0,0,0,0,0.00531218390407133,0.000425488405930616,0.004211281652912,0.00413348248940414,0.00696953549068401,0.0050747443241663,0.00342747957783665,0.00308148502405075,0.0032726131164368,0.00670923978931307,0.00730291328941568,0.000946587893297935,0.00233778569496102,0.00300930419477841,0.00295162077699836,0.00164310586924537,0.00174246560548303,0.0019829667322763,0.0036686665582833,0.00607277119578467,0.00544245607498312,0.00403089369288382,0.00167299731370049,0.00717128305708546,0.00239211016187474,0.00462384594850704,0.00734545174253397,0.0018484236684133,0.00334691090008208,0.00400117227812453,0.00556862388099795,0.00342038320700775,0.00512934741255048,0.00226674568182503,0.00559033531648379,0.00792809517481606,0.00299016102370753,0.00786641169535121,0.00593793699711453,0.00431838132591894,0.0033876460386367,0.000530311087518583,0.00375071137601463,0.00304981374750129,0.00173156585345079,0.00158390546945092,0.0033994745747775,0.00093635641011613,0.00182757952179627,0.00087842506966996,0.000506349794623718,0.00164607197065241,0.000525065114124933,0.00297657465169379,0.00672872811299867,0.00337260471927965,0.00440627410441982,0.0045527413709563,0.00333871838588852,0.00257880313561247,0.00264343338067405,0.00170589267533571,0,0,0,0,0,0,0,0,0,0,0,0,0,0,0,0,0,0,0,0,0,0,0,0,0,0,0,0,0,0,0,0,0
0,0,0,0,0,0,0,0,0,0,0,0,0,0,0,0,0,0,0,0,0,0,0,0,0,0,0,0,0,0,0,0,0,0,0.00194958017753876,0.00154618441220952,0.00237363781804581,0.00220248792374946,0.0030085539684907,0.00284298677886919,0.00548688090649574,0.00583332833165638,0.00379929146780337,0.000484988793975607,0.00108699260723913,0.000601978480640439,0.0018865689416837,0.00212572851757468,0.00176665591479205,0.00230246995149846,0.0035072760915988,0.0045185623507647,0.0029144026283472,0.00761626886618547,0.00882626400435382,0.00224950759717569,0.00326699851359665,0.00425506414281814,0.00350179577160891,0.0035396758412289,0.00392223438794037,0.00405909406810961,0.00265857828813652,0.00502752485500255,0.000834925605511951,0.00324983516210553,0.00167004729813464,0.0055706853470452,0.00411426797730169,0.00253377704935066,0.00293251986509723,0.00686050388501006,0.00117452645266415,0.00216685178681143,0.0017968404723015,0.00168855117237185,0.0010442358445976,0.000992643003170944,0.00413811383080279,0.00492549824488696,0.00108358115632166,0.00167357922091835,0.00240138071507826,0.00214659010279483,0.00155262983265994,0.00197897094166358,0.00621586990862927,0.00704751411321549,0.00217755734306479,0.00466125365543842,0.00181553847522933,0.00199838376747825,0.00369504729789213,0.00220909128406267,0,0,0,0,0,0,0,0,0,0,0,0,0,0,0,0,0,0,0,0,0,0,0,0,0,0,0,0,0,0,0,0,0,0
0,0,0,0,0,0,0,0,0,0,0,0,0,0,0,0,0,0,0,0,0,0,0,0,0,0,0,0,0,0,0,0,0,0,0,0.00177908180119593,0.00223005654544121,0.00286596740291299,0.00329940466985829,0.00328796882012355,0.00517512375751745,0.0039332484801151,0.00107915019563456,0.00230490555678714,0.000268860595500107,0.00142452496445538,0.00188401308757108,0.00212387757797252,0.00300459929037431,0.00172125871683303,0.00455953809738406,0.00456898653932707,0.00533104071355351,0.00577220752943107,0.00457452244978381,0.00320777468378707,0.00516075088707665,0.00611675711929938,0.00452242932918608,0.00272179275526923,0.00785595477225869,0.003042461429376,0.00770297588343545,0.000440694978616406,0.00190007477147862,0.00330267456915183,0.00489036629993796,0.00302584222343193,0.00263709240504677,0.00505352151266445,0.00666499143083494,0.00313682123465758,0.00413773075674221,0.000520109752499897,0.00338768482521641,0.000448079380680786,0.00495718765013257,0.0031843244344013,0.00398433229566747,0.00267135704850075,0.00146344006472543,0.00306449085613605,0.00205360903048574,0.000813449500989913,0.000631438909112796,0.00218511535023645,0.00519408704932881,0.00564110619609372,0.000867867976536176,0.00180161822847628,0.00101977177409272,0.00233911494877318,0.00109765872958239,0,0,0,0,0,0,0,0,0,0,0,0,0,0,0,0,0,0,0,0,0,0,0,0,0,0,0,0,0,0,0,0,0,0,0
0,0,0,0,0,0,0,0,0,0,0,0,0,0,0,0,0,0,0,0,0,0,0,0,0,0,0,0,0,0,0,0,0,0,0,0,0.00459969493615671,0.00239601300470198,0.00908709105840794,0.00637630524780604,0.00390169652453745,0.000645217665442864,0.00239673715751751,0.00538633029647676,0.0035842995750903,0.0015105340076248,0.00216474655621825,0.00339016962444964,0.00120334703831531,0.0032987882650965,0.0044521587200693,0.00965231287350206,0.00404837794251238,0.00191695076697846,0.00421332263688966,0.00724565638362564,0.00401807083827754,0.00571000103837468,0.00454370580805467,0.00306846280572822,0.00297833890218347,0.0027725936450517,0.000605373022879758,0.00256260441549837,0.00604893287508851,0.0106043482438212,0.00539514902838425,0.00711910507647471,0.00379097634949294,0.00428686176434328,0.00085470724980826,0.00256171711304267,0.00370837641771728,0.000900521632518251,0.00165624257752961,0.000534930068927984,0.00645486797798047,0.00398634424446115,0.0051653237315047,0.00330077487508691,0.00411374219058845,0.0018845134431924,0.0042309420165499,0.00118228480595758,0.0022783632953299,0.00352643015489749,0.00360246230317895,0.00184828300002048,0.00432560444137193,0.00498870129466951,0.00441271882771915,0.00103745371155781,0,0,0,0,0,0,0,0,0,0,0,0,0,0,0,0,0,0,0,0,0,0,0,0,0,0,0,0,0,0,0,0,0,0,0,0
0,0,0,0,0,0,0,0,0,0,0,0,0,0,0,0,0,0,0,0,0,0,0,0,0,0,0,0,0,0,0,0,0,0,0,0,0,0.00515541208679322,0.00549458653506894,0.00169789951545769,0.00359872607902079,0.00494595663766927,0.0049338526524087,0.00759212737288112,0.00809297587700495,0.00328865818836603,0.00604723485285933,0.00514484944097133,0.00309913855243761,0.00475700790115764,0.00821748994161356,0.00902439664216612,0.014421952554823,0.00652046225816075,0.00362316586966668,0.00545040141338653,0.00821823778054468,0.00869471242797506,0.00447007988028916,0.00609048520172397,0.00622563711385683,0.00829489622055458,0.00680883950471583,0.00816705998655074,0.0143951498797839,0.0103839018233414,0.0112359561642676,0.0134531317132154,0.00241182303069221,0.00432951915983043,0.00247250345087976,0.00556951726567207,0.00303507858186056,0.00195990680637878,0.00231596926499579,0.00408208736110777,0.00195579412406958,0.000236293216961425,0.00185103133070465,0.00296807557409524,0.00227204412605174,0.00389956776429393,0.00498357237217584,0.00188252012648435,0.000196084294259389,0.00151025829271075,0.00109162798458819,0.00237125262914207,0.0048763102262504,0.00384515918209922,0.00171135198011554,0,0,0,0,0,0,0,0,0,0,0,0,0,0,0,0,0,0,0,0,0,0,0,0,0,0,0,0,0,0,0,0,0,0,0,0,0
0,0,0,0,0,0,0,0,0,0,0,0,0,0,0,0,0,0,0,0,0,0,0,0,0,0,0,0,0,0,0,0,0,0,0,0,0,0,0.015956770818748,0.00501431827358741,0.00431325560728258,0.00711211932362679,0.00333731193366017,0.00183657150597905,0.00439608083863633,0.00374294011737945,0.00415389883517311,0.00769809183417582,0.00471269842814079,0.0028780784945535,0.00451675864468612,0.0123256951919193,0.0189036658508016,0.0103850487421043,0.0038620049270612,0.00321227745435916,0.00609207885700377,0.00779402848179885,0.0116225471087973,0.0117093395742724,0.0142376008793178,0.00823112914771407,0.00456745914141035,0.00209484320404252,0.00716135857146652,0.0044550598601264,0.00795710196787194,0.0125528226689021,0.00844942951239356,0.00483077894402976,0.00506313851366101,0.00783302057888446,0.00331636289080916,0.00139562348449677,0.00165142238597343,0.00493044648472058,0.00563717200186126,0.00472005146902559,0.0037801821763449,0.00061868532268978,0.00575794541683897,0.00547836274011659,0.00235051921209296,0.00287824818467721,0.00087122457773821,0.00456481209055622,0.0042306639329038,0.00196491798065584,0.00873923929147064,0.00138283770339673,0,0,0,0,0,0,0,0,0,0,0,0,0,0,0,0,0,0,0,0,0,0,0,0,0,0,0,0,0,0,0,0,0,0,0,0,0,0
0,0,0,0,0,0,0,0,0,0,0,0,0,0,0,0,0,0,0,0,0,0,0,0,0,0,0,0,0,0,0,0,0,0,0,0,0,0,0,0.00327856538567269,0.00321022249373238,0.00339199695207398,0.00274504137705479,0.00462972953838122,0.00355882879517998,0.00236762113933596,0.00208143835352888,0.00469499887667723,0.00267649895292149,0.00737008935747984,0.00058241141374816,0.0128294766035603,0.0174287281050546,0.0119716357370539,0.00519412440031949,0.00133028310969468,0.00439850505134937,0.00709020489749599,0.00714626705379717,0.00293141811364024,0.0093981752202065,0.00369156955473763,0.00330124851045793,0.00118788857531762,0.00350779680804478,0.00312473143679436,0.00276716959079999,0.00695000977607583,0.00631959646573156,0.00360819563718181,0.0056234444967609,0.00695587978911056,0.00106653631260722,0.00370501050944386,0.00428164644888934,0.00433178860999112,0.00392784197982446,0.00562237896741386,0.00309570414357006,0.00222414479952886,0.00813664961999512,0.00182210150583922,0.00589146986026607,0.00278822598853439,0.00129064463634062,0.0058272284569017,0.00410429956355023,0.00720090829901512,0.00246165088565861,0,0,0,0,0,0,0,0,0,0,0,0,0,0,0,0,0,0,0,0,0,0,0,0,0,0,0,0,0,0,0,0,0,0,0,0,0,0,0
0,0,0,0,0,0,0,0,0,0,0,0,0,0,0,0,0,0,0,0,0,0,0,0,0,0,0,0,0,0,0,0,0,0,0,0,0,0,0,0,0.00797037354804951,0.00457592557944465,0.00445701980191839,0.00117665231944609,0.00384399015052596,0.00212870243133447,0.00093757748403591,0.00203746063630882,0.00364575872219983,0.00584969005596909,0.00323968879672486,0.0125056861188584,0.0133271102444764,0.0105016213845361,0.00301998587529357,0.00389690682624697,0.00309460683373046,0.00603610777822264,0.00570654274167612,0.00887703067678638,0.0083178332993248,0.00522696631087311,0.00446829099370248,0.00459285838969305,0.00579994650700798,0.00389172080570862,0.00551516056698301,0.00703659215152014,0.00704242240083336,0.000900673013877066,0.000754749257827851,0.00134069354193765,0.000834825640284607,0.00503853960480059,0.00103166648554082,0.00450282984265153,0.001578928370783,0.000961093352489085,0.00520654189950363,0.00358003379736605,0.00417909190517398,0.000280279903757354,0.00247903154498588,0.00452867845592549,0.00574566677294276,0.00833342264588727,0.00318421425305029,0.00123579575893538,0,0,0,0,0,0,0,0,0,0,0,0,0,0,0,0,0,0,0,0,0,0,0,0,0,0,0,0,0,0,0,0,0,0,0,0,0,0,0,0
0,0,0,0,0,0,0,0,0,0,0,0,0,0,0,0,0,0,0,0,0,0,0,0,0,0,0,0,0,0,0,0,0,0,0,0,0,0,0,0,0,0.00480919749320052,0.00338276339554944,0.00282650251761716,0.000530829994992691,0.00209957842051547,0.00353474215953245,0.00520701983666118,0.00418563073934443,0.0103787592662066,0.00909408722932535,0.0157535924423719,0.0201271890326671,0.0142641429059717,0.0167774306099935,0.00217471887570905,0.00774681904542878,0.00623393371490119,0.00730576889632996,0.00730423014309655,0.00163499730034356,0.00808409383585188,0.00510269658448862,0.0139124163561109,0.00471757806508032,0.00681007282144453,0.00422035987645383,0.00338680156024799,0.0104815109882912,0.00258520705222867,0.00223795709218071,0.00378602732096693,0.0020009682420071,0.00479187212802471,0.00338765283930188,0.00370224258240136,0.00465048925762962,0.00412339005759778,0.00136946044728242,0.000942071809511627,0.00325052196844915,0.00149447680880707,0.00414767563157606,0.00354535083800211,0.00652550101119183,0.00147194851606506,0.00158919720341567,0,0,0,0,0,0,0,0,0,0,0,0,0,0,0,0,0,0,0,0,0,0,0,0,0,0,0,0,0,0,0,0,0,0,0,0,0,0,0,0,0
0,0,0,0,0,0,0,0,0,0,0,0,0,0,0,0,0,0,0,0,0,0,0,0,0,0,0,0,0,0,0,0,0,0,0,0,0,0,0,0,0,0,0.00700053043689878,0.00507502562090093,0.00673556133221,0.00590403151760871,0.00753814080275986,0.00466406122366163,0.00971421337287904,0.00537393691008759,0.0131711572736535,0.0175100027866487,0.0206322860852687,0.0132893965635459,0.0121427039014664,0.012912210298305,0.0127676428693953,0.00774247910184765,0.000777224889830098,0.00632489390726042,0.00381353830119632,0.0106425905331024,0.00921540480605072,0.0010422700897206,0.00316108735515626,0.00288063409225327,0.00997969052131232,0.00695223644777245,0.0100538641508425,0.00555635816797444,0.00661954540954502,0.00298806933332425,0.00501506126951042,0.00539197129495192,0.00244179221711996,0.00405574964875665,0.005531062773572,0.0113783558739222,0.00707169119996228,0.00259186062801827,0.00293305509010644,0.00285711860026598,0.00881969914326545,0.00529523347842726,0.00607066852392487,0.00146349522516842,0,0,0,0,0,0,0,0,0,0,0,0,0,0,0,0,0,0,0,0,0,0,0,0,0,0,0,0,0,0,0,0,0,0,0,0,0,0,0,0,0,0
0,0,0,0,0,0,0,0,0,0,0,0,0,0,0,0,0,0,0,0,0,0,0,0,0,0,0,0,0,0,0,0,0,0,0,0,0,0,0,0,0,0,0,0.00344686972706768,0.00638306299362111,0.00851216454849771,0.0126883904883903,0.00931420896244771,0.00742557500870037,0.0046252953677746,0.0101455511479601,0.0156314154157268,0.0105946270604922,0.00563180187396668,0.00332031189379721,0.0154048709655197,0.0161043345600608,0.00520117512152691,0.00763711551620225,0.00753094355174233,0.00603742486908312,0.0103927994469287,0.00731461908611775,0.00234246248508989,0.00644621159971795,0.00681176832183257,0.0132955085452752,0.00389156940887286,0.00194046309073051,0.00680620312201268,0.00319615297196046,0.00453708269191376,0.00500464833405438,0.00297587673759335,0.00280688300120969,0.00606462052591227,0.00680365678169489,0.002553201482018,0.00220356315654002,0.00638311869214168,0.003223892875345,0.00611433953680158,0.00233650748839587,0.0109772990910705,0.00395968507829709,0,0,0,0,0,0,0,0,0,0,0,0,0,0,0,0,0,0,0,0,0,0,0,0,0,0,0,0,0,0,0,0,0,0,0,0,0,0,0,0,0,0,0
0,0,0,0,0,0,0,0,0,0,0,0,0,0,0,0,0,0,0,0,0,0,0,0,0,0,0,0,0,0,0,0,0,0,0,0,0,0,0,0,0,0,0,0,0.0100914380575789,0.0117493348865847,0.00658567384304512,0.0127144612346322,0.01894153666677,0.0160872749013359,0.0131098275735022,0.0160049757133,0.00692086544869975,0.00576841622019431,0.00182901988390062,0.0119037130772177,0.00966744198532514,0.00673284200870081,0.000984438049922546,0.0063132402203907,0.0105119676474222,0.00874423820197701,0.00650534425163916,0.00645527484286346,0.00218752915092111,0.00876494850219493,0.00128081798318457,0.00391997859352668,0.00193767093899787,0.00104507106086547,0.00179739435299282,0.00511038953821242,0.00616825119379815,0.00548460100272053,0.00510321004514896,0.00305556116529627,0.00467039097102522,0.00232580289167235,0.00661689445267002,0.00799991781360753,0.00743473957091669,0.00854768733074359,0.00948767967860625,0.00404677328629555,0,0,0,0,0,0,0,0,0,0,0,0,0,0,0,0,0,0,0,0,0,0,0,0,0,0,0,0,0,0,0,0,0,0,0,0,0,0,0,0,0,0,0,0
0,0,0,0,0,0,0,0,0,0,0,0,0,0,0,0,0,0,0,0,0,0,0,0,0,0,0,0,0,0,0,0,0,0,0,0,0,0,0,0,0,0,0,0,0,0.00722643742141045,0.00274471012080647,0.0151252590290391,0.0209417641055487,0.0113714776397736,0.00617426388440574,0.0177547203267575,0.00630363844716495,0.0090138248388104,0.00321091760012145,0.0106389621608315,0.0162759133787893,0.0110420518221766,0.0107993983916537,0.0159888827085413,0.00548753747366438,0.0106797308408259,0.00581211360528233,0.00170657191847263,0.00551088802693062,0.0053787649662277,0.00927545319155416,0.00524931734731753,0.009649010224735,0.00590321529333916,0.00191700951410638,0.00672540535327316,0.00674244557277477,0.0070422055356072,0.00888464440564054,0.0015467535647991,0.00175336390188933,0.00511677243160351,0.00802381612942625,0.00716086097154075,0.00484588309768084,0.0125148061335455,0.00631431170936436,0,0,0,0,0,0,0,0,0,0,0,0,0,0,0,0,0,0,0,0,0,0,0,0,0,0,0,0,0,0,0,0,0,0,0,0,0,0,0,0,0,0,0,0,0
0,0,0,0,0,0,0,0,0,0,0,0,0,0,0,0,0,0,0,0,0,0,0,0,0,0,0,0,0,0,0,0,0,0,0,0,0,0,0,0,0,0,0,0,0,0,0.00438600541958334,0.00646383708758401,0.000965119484651081,0.000907489659078858,0.0111527885135285,0.00404183995772874,0.010603058989132,0.00888302478559526,0.00586107686849193,0.0122261753181614,0.0164326217913586,0.0165793694426642,0.00714806927703095,0.00300164079068742,0.0104752778836078,0.0128282559028136,0.00651179588491482,0.00795222972527523,0.00734784366877003,0.00477188676867199,0.00886792819199711,0.00273375624701748,0.0117224252470696,0.00181642248137231,0.00821299460869132,0.0103437189353658,0.001181491006361,0.00548973638955029,0.00444166488194241,0.00990387837263816,0.00250716426976189,0.00246734670188001,0.00465391292414992,0.00417457801108367,0.00167276582222213,0.00458047006517569,0,0,0,0,0,0,0,0,0,0,0,0,0,0,0,0,0,0,0,0,0,0,0,0,0,0,0,0,0,0,0,0,0,0,0,0,0,0,0,0,0,0,0,0,0,0
0,0,0,0,0,0,0,0,0,0,0,0,0,0,0,0,0,0,0,0,0,0,0,0,0,0,0,0,0,0,0,0,0,0,0,0,0,0,0,0,0,0,0,0,0,0,0,0.00737697033492868,0.00710116486230307,0.0091757771418303,0.00431434272503207,0.00833416414214089,0.00496262024969909,0.0039804868897751,0.0111648105080766,0.00933492035999526,0.00900720251824078,0.0104455211195717,0.00733513910568207,0.0115612895181688,0.0167987435605821,0.0135641908396154,0.00862904588280341,0.00866849013917417,0.000583147795064907,0.00779715753169843,0.00837203403869667,0.0105741951793475,0.0061451036290635,0.00506825901145985,0.00360705212233598,0.00675890483890582,0.00663342487413218,0.00206953884783962,0.00584851582757194,0.00555685966166233,0.00535605261637177,0.0017976575892792,0.00296993884804259,0.00354295552821417,0.00424714436896859,0,0,0,0,0,0,0,0,0,0,0,0,0,0,0,0,0,0,0,0,0,0,0,0,0,0,0,0,0,0,0,0,0,0,0,0,0,0,0,0,0,0,0,0,0,0,0
0,0,0,0,0,0,0,0,0,0,0,0,0,0,0,0,0,0,0,0,0,0,0,0,0,0,0,0,0,0,0,0,0,0,0,0,0,0,0,0,0,0,0,0,0,0,0,0,0.00534322263042751,0.0153421642342726,0.00775011983711607,0.0078125090217154,0.0150034316984134,0.00612364222913533,0.00821693863224352,0.00319992486305644,0.0149095380833923,0.00123013195246742,0.0139784585334953,0.00907560488908121,0.011506884939778,0.0124835951464276,0.00854078261918544,0.00570371283990399,0.00453497749646108,0.00833672287141741,0.00816715649130131,0.0091983511227058,0.00506102975104185,0.00724316959569648,0.0126905748653085,0.0049270332063532,0.0088693504002899,0.00547215118235405,0.00632006440278551,0.00630336188004829,0.00325519712592688,0.000662823168418909,0.00331687483056497,0.00356933126823095,0,0,0,0,0,0,0,0,0,0,0,0,0,0,0,0,0,0,0,0,0,0,0,0,0,0,0,0,0,0,0,0,0,0,0,0,0,0,0,0,0,0,0,0,0,0,0,0
0,0,0,0,0,0,0,0,0,0,0,0,0,0,0,0,0,0,0,0,0,0,0,0,0,0,0,0,0,0,0,0,0,0,0,0,0,0,0,0,0,0,0,0,0,0,0,0,0,0.0260684485593704,0.00231562674075935,0.0019116168807175,0.0130163054341106,0.00528085198469891,0.00400505166448606,0.00620949271636923,0.00581096950847922,0.00605876063530512,0.00473925537226736,0.00088544810630151,0.0117545648587563,0.00452098840408085,0.0127549625465194,0.0121237278177241,0.00742012740821044,0.00261051359915603,0.0074180705186341,0.00750881862193256,0.00331115635278723,0.00745209048590661,0.0138539514998285,0.00698545829009006,0.00737508201316791,0.00931522248706913,0.00882883049434076,0.0039539659507463,0.00422753915158361,0.00102941528370156,0.00321816552166377,0,0,0,0,0,0,0,0,0,0,0,0,0,0,0,0,0,0,0,0,0,0,0,0,0,0,0,0,0,0,0,0,0,0,0,0,0,0,0,0,0,0,0,0,0,0,0,0,0
0,0,0,0,0,0,0,0,0,0,0,0,0,0,0,0,0,0,0,0,0,0,0,0,0,0,0,0,0,0,0,0,0,0,0,0,0,0,0,0,0,0,0,0,0,0,0,0,0,0,0.0192797592075774,0.00858700072562078,0.011540969459957,0.00714917727129207,0.0126214471321388,0.0164784696062312,0.00215507005698,0.0152034787601537,0.0156548762037988,0.0149409256291142,0.00887466004199018,0.0121896802502848,0.0133750106901963,0.00540838578013931,0.0103763489536472,0.00548725531665332,0.00982423475917377,0.00842211348275038,0.0112789805168131,0.00162949678297516,0.00462384973378827,0.00682213279606858,0.00685597897050036,0.0057521644242671,0.00312662353572113,0.00370891788101297,0.00419960133818565,0.00180023431334351,0,0,0,0,0,0,0,0,0,0,0,0,0,0,0,0,0,0,0,0,0,0,0,0,0,0,0,0,0,0,0,0,0,0,0,0,0,0,0,0,0,0,0,0,0,0,0,0,0,0
0,0,0,0,0,0,0,0,0,0,0,0,0,0,0,0,0,0,0,0,0,0,0,0,0,0,0,0,0,0,0,0,0,0,0,0,0,0,0,0,0,0,0,0,0,0,0,0,0,0,0,0.00883948737641289,0.00613293255747777,0.0122993324316197,0.010277047287994,0.0163982561884349,0.0176399682511106,0.0126069864942287,0.014296535533951,0.0168047943388406,0.00142982292323908,0.00882482652458179,0.010457630616391,0.0103525792159116,0.0151908469368264,0.00511864301808654,0.00238804735528423,0.00648886561680168,0.00724816353115773,0.0109448337210249,0.00288917833282397,0.0126682438206114,0.0124816804084466,0.00724668464088961,0.00537026953745072,0.00746561746840307,0.00425364242849366,0,0,0,0,0,0,0,0,0,0,0,0,0,0,0,0,0,0,0,0,0,0,0,0,0,0,0,0,0,0,0,0,0,0,0,0,0,0,0,0,0,0,0,0,0,0,0,0,0,0,0
0,0,0,0,0,0,0,0,0,0,0,0,0,0,0,0,0,0,0,0,0,0,0,0,0,0,0,0,0,0,0,0,0,0,0,0,0,0,0,0,0,0,0,0,0,0,0,0,0,0,0,0,0.011248974660332,0.00806474858841013,0.0234165187211593,0.0251203891475708,0.0215565786562367,0.0126218806911502,0.0297810901981601,0.0279686169642459,0.0150498278810634,0.0136634841767891,0.0210098777947074,0.0180139746318794,0.0173446492134699,0.00990040968026584,0.00719845342629134,0.0102744084928382,0.0087831898052539,0.017674338434393,0.0104500797930388,0.0175378886133511,0.0131625470131274,0.00650040533733842,0.0102110851447259,0.00104099310093772,0,0,0,0,0,0,0,0,0,0,0,0,0,0,0,0,0,0,0,0,0,0,0,0,0,0,0,0,0,0,0,0,0,0,0,0,0,0,0,0,0,0,0,0,0,0,0,0,0,0,0,0
0,0,0,0,0,0,0,0,0,0,0,0,0,0,0,0,0,0,0,0,0,0,0,0,0,0,0,0,0,0,0,0,0,0,0,0,0,0,0,0,0,0,0,0,0,0,0,0,0,0,0,0,0,0.0152865031970245,0.00733124845906042,0.0174922293348203,0.00828880308845158,0.0286346881934755,0.0297762253699582,0.0184390848460882,0.0203327492317743,0.021133839200087,0.00451001809724757,0.0167169571733975,0.0116244982247684,0.00422392619551969,0.0180404808683608,0.0060900735462267,0.0142877742203825,0.00735561253340366,0.0244959184630852,0.0128552499412261,0.00155213965836745,0.0139973852010034,0.000680254289316181,0,0,0,0,0,0,0,0,0,0,0,0,0,0,0,0,0,0,0,0,0,0,0,0,0,0,0,0,0,0,0,0,0,0,0,0,0,0,0,0,0,0,0,0,0,0,0,0,0,0,0,0,0
0,0,0,0,0,0,0,0,0,0,0,0,0,0,0,0,0,0,0,0,0,0,0,0,0,0,0,0,0,0,0,0,0,0,0,0,0,0,0,0,0,0,0,0,0,0,0,0,0,0,0,0,0,0,0.00528234475116789,0.0180889192468171,0.0236958266115915,0.0123569382135534,0.0147411421332039,0.00282304971753222,0.0054656878339411,0.0161801194443077,0.00625705875055549,0.0101374640154412,0.0191243363243481,0.00925377617756189,0.0122477525453668,0.00774215252480622,0.00258645936812012,0.0276210607441415,0.0156400361160892,0.00959552116552475,0.00783995920626914,0.00467073946403141,0,0,0,0,0,0,0,0,0,0,0,0,0,0,0,0,0,0,0,0,0,0,0,0,0,0,0,0,0,0,0,0,0,0,0,0,0,0,0,0,0,0,0,0,0,0,0,0,0,0,0,0,0,0
0,0,0,0,0,0,0,0,0,0,0,0,0,0,0,0,0,0,0,0,0,0,0,0,0,0,0,0,0,0,0,0,0,0,0,0,0,0,0,0,0,0,0,0,0,0,0,0,0,0,0,0,0,0,0,0.0115122875727362,0.00772053103836729,0.00812074597462112,0.0182955849245172,0.0247958038003136,0.00439304928883008,0.0157034510569273,0.00939919495463497,0.00717305897590514,0.0244345464728845,0.00299910658274,0.0082720522457936,0.00822030189180281,0.00591444557414813,0.00545205729025214,0.00326411880769296,0.000825264442340698,0.00596887814600085,0,0,0,0,0,0,0,0,0,0,0,0,0,0,0,0,0,0,0,0,0,0,0,0,0,0,0,0,0,0,0,0,0,0,0,0,0,0,0,0,0,0,0,0,0,0,0,0,0,0,0,0,0,0,0
0,0,0,0,0,0,0,0,0,0,0,0,0,0,0,0,0,0,0,0,0,0,0,0,0,0,0,0,0,0,0,0,0,0,0,0,0,0,0,0,0,0,0,0,0,0,0,0,0,0,0,0,0,0,0,0,0.0168802667315412,0.0197907292317029,0.0177028334179749,0.00432157130551129,0.0158907558461015,0.0148292869516068,0.0049480315714402,0.0205115782999559,0.0023207532964204,0.0179603237951579,0.0131302565582978,0.0102677689203722,0.00244805867300218,0.00948265224074328,0.00219740785246475,0.000856409933773794,0,0,0,0,0,0,0,0,0,0,0,0,0,0,0,0,0,0,0,0,0,0,0,0,0,0,0,0,0,0,0,0,0,0,0,0,0,0,0,0,0,0,0,0,0,0,0,0,0,0,0,0,0,0,0,0
0,0,0,0,0,0,0,0,0,0,0,0,0,0,0,0,0,0,0,0,0,0,0,0,0,0,0,0,0,0,0,0,0,0,0,0,0,0,0,0,0,0,0,0,0,0,0,0,0,0,0,0,0,0,0,0,0,0.0251603632218163,0.0174003050557996,0.0116156961603126,0.0188241363765083,0.00850436319114172,0.00193283726821427,0.0115231562694823,0.0154013819313468,0.0201566871363223,0.017192245486187,0.00238220008698495,0.00355525524042476,0.0107745454272115,0.00551009442995006,0,0,0,0,0,0,0,0,0,0,0,0,0,0,0,0,0,0,0,0,0,0,0,0,0,0,0,0,0,0,0,0,0,0,0,0,0,0,0,0,0,0,0,0,0,0,0,0,0,0,0,0,0,0,0,0,0
0,0,0,0,0,0,0,0,0,0,0,0,0,0,0,0,0,0,0,0,0,0,0,0,0,0,0,0,0,0,0,0,0,0,0,0,0,0,0,0,0,0,0,0,0,0,0,0,0,0,0,0,0,0,0,0,0,0,0.0266945332070512,0.0284524441872106,0.0141490675217724,0.00774214093616803,0.0119067206999004,0.0267206903939596,0.0106461859917141,0.00179280763446326,0.00550725979019698,0.00288458056818008,0.0136905038820688,0.00760732881087296,0,0,0,0,0,0,0,0,0,0,0,0,0,0,0,0,0,0,0,0,0,0,0,0,0,0,0,0,0,0,0,0,0,0,0,0,0,0,0,0,0,0,0,0,0,0,0,0,0,0,0,0,0,0,0,0,0,0
0,0,0,0,0,0,0,0,0,0,0,0,0,0,0,0,0,0,0,0,0,0,0,0,0,0,0,0,0,0,0,0,0,0,0,0,0,0,0,0,0,0,0,0,0,0,0,0,0,0,0,0,0,0,0,0,0,0,0,0.0202844030812227,0.0110038358450648,0.0160193471506284,0.0122262462447932,0.0282100272281438,0.00777709629363861,0.0162611679335633,0.00791913342357697,0.00549503659978782,0.0177447347001046,0,0,0,0,0,0,0,0,0,0,0,0,0,0,0,0,0,0,0,0,0,0,0,0,0,0,0,0,0,0,0,0,0,0,0,0,0,0,0,0,0,0,0,0,0,0,0,0,0,0,0,0,0,0,0,0,0,0,0
0,0,0,0,0,0,0,0,0,0,0,0,0,0,0,0,0,0,0,0,0,0,0,0,0,0,0,0,0,0,0,0,0,0,0,0,0,0,0,0,0,0,0,0,0,0,0,0,0,0,0,0,0,0,0,0,0,0,0,0,0.00867885664368553,0.00569115797574239,0.0107352299310938,0.0094519999646386,0.0103895105991166,0.0159018507337399,0.0158259699288957,0.01035419432829,0,0,0,0,0,0,0,0,0,0,0,0,0,0,0,0,0,0,0,0,0,0,0,0,0,0,0,0,0,0,0,0,0,0,0,0,0,0,0,0,0,0,0,0,0,0,0,0,0,0,0,0,0,0,0,0,0,0,0,0
0,0,0,0,0,0,0,0,0,0,0,0,0,0,0,0,0,0,0,0,0,0,0,0,0,0,0,0,0,0,0,0,0,0,0,0,0,0,0,0,0,0,0,0,0,0,0,0,0,0,0,0,0,0,0,0,0,0,0,0,0,0.0315913710379823,0.01015398059166,0.00668457010481047,0.0219844389295918,0.0181864540759991,0.0096812919238432,0,0,0,0,0,0,0,0,0,0,0,0,0,0,0,0,0,0,0,0,0,0,0,0,0,0,0,0,0,0,0,0,0,0,0,0,0,0,0,0,0,0,0,0,0,0,0,0,0,0,0,0,0,0,0,0,0,0,0,0,0
0,0,0,0,0,0,0,0,0,0,0,0,0,0,0,0,0,0,0,0,0,0,0,0,0,0,0,0,0,0,0,0,0,0,0,0,0,0,0,0,0,0,0,0,0,0,0,0,0,0,0,0,0,0,0,0,0,0,0,0,0,0,0.0090628662746159,0.00441937770637876,0.015897277136136,0.00646862019129894,0,0,0,0,0,0,0,0,0,0,0,0,0,0,0,0,0,0,0,0,0,0,0,0,0,0,0,0,0,0,0,0,0,0,0,0,0,0,0,0,0,0,0,0,0,0,0,0,0,0,0,0,0,0,0,0,0,0,0,0,0,0
0,0,0,0,0,0,0,0,0,0,0,0,0,0,0,0,0,0,0,0,0,0,0,0,0,0,0,0,0,0,0,0,0,0,0,0,0,0,0,0,0,0,0,0,0,0,0,0,0,0,0,0,0,0,0,0,0,0,0,0,0,0,0,0.00656763504394447,0.00500396263442949,0,0,0,0,0,0,0,0,0,0,0,0,0,0,0,0,0,0,0,0,0,0,0,0,0,0,0,0,0,0,0,0,0,0,0,0,0,0,0,0,0,0,0,0,0,0,0,0,0,0,0,0,0,0,0,0,0,0,0,0,0,0,0
0,0,0,0,0,0,0,0,0,0,0,0,0,0,0,0,0,0,0,0,0,0,0,0,0,0,0,0,0,0,0,0,0,0,0,0,0,0,0,0,0,0,0,0,0,0,0,0,0,0,0,0,0,0,0,0,0,0,0,0,0,0,0,0,0,0,0,0,0,0,0,0,0,0,0,0,0,0,0,0,0,0,0,0,0,0,0,0,0,0,0,0,0,0,0,0,0,0,0,0,0,0,0,0,0,0,0,0,0,0,0,0,0,0,0,0,0,0,0,0,0,0,0,0,0,0,0,0
0,0,0,0,0,0,0,0,0,0,0,0,0,0,0,0,0,0,0,0,0,0,0,0,0,0,0,0,0,0,0,0,0,0,0,0,0,0,0,0,0,0,0,0,0,0,0,0,0,0,0,0,0,0,0,0,0,0,0,0,0,0,0,0,0,0,0,0,0,0,0,0,0,0,0,0,0,0,0,0,0,0,0,0,0,0,0,0,0,0,0,0,0,0,0,0,0,0,0,0,0,0,0,0,0,0,0,0,0,0,0,0,0,0,0,0,0,0,0,0,0,0,0,0,0,0,0,0
0,0,0,0,0,0,0,0,0,0,0,0,0,0,0,0,0,0,0,0,0,0,0,0,0,0,0,0,0,0,0,0,0,0,0,0,0,0,0,0,0,0,0,0,0,0,0,0,0,0,0,0,0,0,0,0,0,0,0,0,0,0,0,0,0,0,0,0,0,0,0,0,0,0,0,0,0,0,0,0,0,0,0,0,0,0,0,0,0,0,0,0,0,0,0,0,0,0,0,0,0,0,0,0,0,0,0,0,0,0,0,0,0,0,0,0,0,0,0,0,0,0,0,0,0,0,0,0
0,0,0,0,0,0,0,0,0,0,0,0,0,0,0,0,0,0,0,0,0,0,0,0,0,0,0,0,0,0,0,0,0,0,0,0,0,0,0,0,0,0,0,0,0,0,0,0,0,0,0,0,0,0,0,0,0,0,0,0,0,0,0,0,0,0,0,0,0,0,0,0,0,0,0,0,0,0,0,0,0,0,0,0,0,0,0,0,0,0,0,0,0,0,0,0,0,0,0,0,0,0,0,0,0,0,0,0,0,0,0,0,0,0,0,0,0,0,0,0,0,0,0,0,0,0,0,0
0,0,0,0,0,0,0,0,0,0,0,0,0,0,0,0,0,0,0,0,0,0,0,0,0,0,0,0,0,0,0,0,0,0,0,0,0,0,0,0,0,0,0,0,0,0,0,0,0,0,0,0,0,0,0,0,0,0,0,0,0,0,0,0,0,0,0,0,0,0,0,0,0,0,0,0,0,0,0,0,0,0,0,0,0,0,0,0,0,0,0,0,0,0,0,0,0,0,0,0,0,0,0,0,0,0,0,0,0,0,0,0,0,0,0,0,0,0,0,0,0,0,0,0,0,0,0,0
0,0,0,0,0,0,0,0,0,0,0,0,0,0,0,0,0,0,0,0,0,0,0,0,0,0,0,0,0,0,0,0,0,0,0,0,0,0,0,0,0,0,0,0,0,0,0,0,0,0,0,0,0,0,0,0,0,0,0,0,0,0,0,0,0,0,0,0,0,0,0,0,0,0,0,0,0,0,0,0,0,0,0,0,0,0,0,0,0,0,0,0,0,0,0,0,0,0,0,0,0,0,0,0,0,0,0,0,0,0,0,0,0,0,0,0,0,0,0,0,0,0,0,0,0,0,0,0
0,0,0,0,0,0,0,0,0,0,0,0,0,0,0,0,0,0,0,0,0,0,0,0,0,0,0,0,0,0,0,0,0,0,0,0,0,0,0,0,0,0,0,0,0,0,0,0,0,0,0,0,0,0,0,0,0,0,0,0,0,0,0,0,0,0,0,0,0,0,0,0,0,0,0,0,0,0,0,0,0,0,0,0,0,0,0,0,0,0,0,0,0,0,0,0,0,0,0,0,0,0,0,0,0,0,0,0,0,0,0,0,0,0,0,0,0,0,0,0,0,0,0,0,0,0,0,0
0,0,0,0,0,0,0,0,0,0,0,0,0,0,0,0,0,0,0,0,0,0,0,0,0,0,0,0,0,0,0,0,0,0,0,0,0,0,0,0,0,0,0,0,0,0,0,0,0,0,0,0,0,0,0,0,0,0,0,0,0,0,0,0,0,0,0,0,0,0,0,0,0,0,0,0,0,0,0,0,0,0,0,0,0,0,0,0,0,0,0,0,0,0,0,0,0,0,0,0,0,0,0,0,0,0,0,0,0,0,0,0,0,0,0,0,0,0,0,0,0,0,0,0,0,0,0,0
0,0,0,0,0,0,0,0,0,0,0,0,0,0,0,0,0,0,0,0,0,0,0,0,0,0,0,0,0,0,0,0,0,0,0,0,0,0,0,0,0,0,0,0,0,0,0,0,0,0,0,0,0,0,0,0,0,0,0,0,0,0,0,0,0,0,0,0,0,0,0,0,0,0,0,0,0,0,0,0,0,0,0,0,0,0,0,0,0,0,0,0,0,0,0,0,0,0,0,0,0,0,0,0,0,0,0,0,0,0,0,0,0,0,0,0,0,0,0,0,0,0,0,0,0,0,0,0
0,0,0,0,0,0,0,0,0,0,0,0,0,0,0,0,0,0,0,0,0,0,0,0,0,0,0,0,0,0,0,0,0,0,0,0,0,0,0,0,0,0,0,0,0,0,0,0,0,0,0,0,0,0,0,0,0,0,0,0,0,0,0,0,0,0,0,0,0,0,0,0,0,0,0,0,0,0,0,0,0,0,0,0,0,0,0,0,0,0,0,0,0,0,0,0,0,0,0,0,0,0,0,0,0,0,0,0,0,0,0,0,0,0,0,0,0,0,0,0,0,0,0,0,0,0,0,0
0,0,0,0,0,0,0,0,0,0,0,0,0,0,0,0,0,0,0,0,0,0,0,0,0,0,0,0,0,0,0,0,0,0,0,0,0,0,0,0,0,0,0,0,0,0,0,0,0,0,0,0,0,0,0,0,0,0,0,0,0,0,0,0,0,0,0,0,0,0,0,0,0,0,0,0,0,0,0,0,0,0,0,0,0,0,0,0,0,0,0,0,0,0,0,0,0,0,0,0,0,0,0,0,0,0,0,0,0,0,0,0,0,0,0,0,0,0,0,0,0,0,0,0,0,0,0,0
0,0,0,0,0,0,0,0,0,0,0,0,0,0,0,0,0,0,0,0,0,0,0,0,0,0,0,0,0,0,0,0,0,0,0,0,0,0,0,0,0,0,0,0,0,0,0,0,0,0,0,0,0,0,0,0,0,0,0,0,0,0,0,0,0,0,0,0,0,0,0,0,0,0,0,0,0,0,0,0,0,0,0,0,0,0,0,0,0,0,0,0,0,0,0,0,0,0,0,0,0,0,0,0,0,0,0,0,0,0,0,0,0,0,0,0,0,0,0,0,0,0,0,0,0,0,0,0
0,0,0,0,0,0,0,0,0,0,0,0,0,0,0,0,0,0,0,0,0,0,0,0,0,0,0,0,0,0,0,0,0,0,0,0,0,0,0,0,0,0,0,0,0,0,0,0,0,0,0,0,0,0,0,0,0,0,0,0,0,0,0,0,0,0,0,0,0,0,0,0,0,0,0,0,0,0,0,0,0,0,0,0,0,0,0,0,0,0,0,0,0,0,0,0,0,0,0,0,0,0,0,0,0,0,0,0,0,0,0,0,0,0,0,0,0,0,0,0,0,0,0,0,0,0,0,0
0,0,0,0,0,0,0,0,0,0,0,0,0,0,0,0,0,0,0,0,0,0,0,0,0,0,0,0,0,0,0,0,0,0,0,0,0,0,0,0,0,0,0,0,0,0,0,0,0,0,0,0,0,0,0,0,0,0,0,0,0,0,0,0,0,0,0,0,0,0,0,0,0,0,0,0,0,0,0,0,0,0,0,0,0,0,0,0,0,0,0,0,0,0,0,0,0,0,0,0,0,0,0,0,0,0,0,0,0,0,0,0,0,0,0,0,0,0,0,0,0,0,0,0,0,0,0,0
0,0,0,0,0,0,0,0,0,0,0,0,0,0,0,0,0,0,0,0,0,0,0,0,0,0,0,0,0,0,0,0,0,0,0,0,0,0,0,0,0,0,0,0,0,0,0,0,0,0,0,0,0,0,0,0,0,0,0,0,0,0,0,0,0,0,0,0,0,0,0,0,0,0,0,0,0,0,0,0,0,0,0,0,0,0,0,0,0,0,0,0,0,0,0,0,0,0,0,0,0,0,0,0,0,0,0,0,0,0,0,0,0,0,0,0,0,0,0,0,0,0,0,0,0,0,0,0
0,0,0,0,0,0,0,0,0,0,0,0,0,0,0,0,0,0,0,0,0,0,0,0,0,0,0,0,0,0,0,0,0,0,0,0,0,0,0,0,0,0,0,0,0,0,0,0,0,0,0,0,0,0,0,0,0,0,0,0,0,0,0,0,0,0,0,0,0,0,0,0,0,0,0,0,0,0,0,0,0,0,0,0,0,0,0,0,0,0,0,0,0,0,0,0,0,0,0,0,0,0,0,0,0,0,0,0,0,0,0,0,0,0,0,0,0,0,0,0,0,0,0,0,0,0,0,0
0,0,0,0,0,0,0,0,0,0,0,0,0,0,0,0,0,0,0,0,0,0,0,0,0,0,0,0,0,0,0,0,0,0,0,0,0,0,0,0,0,0,0,0,0,0,0,0,0,0,0,0,0,0,0,0,0,0,0,0,0,0,0,0,0,0,0,0,0,0,0,0,0,0,0,0,0,0,0,0,0,0,0,0,0,0,0,0,0,0,0,0,0,0,0,0,0,0,0,0,0,0,0,0,0,0,0,0,0,0,0,0,0,0,0,0,0,0,0,0,0,0,0,0,0,0,0,0
0,0,0,0,0,0,0,0,0,0,0,0,0,0,0,0,0,0,0,0,0,0,0,0,0,0,0,0,0,0,0,0,0,0,0,0,0,0,0,0,0,0,0,0,0,0,0,0,0,0,0,0,0,0,0,0,0,0,0,0,0,0,0,0,0,0,0,0,0,0,0,0,0,0,0,0,0,0,0,0,0,0,0,0,0,0,0,0,0,0,0,0,0,0,0,0,0,0,0,0,0,0,0,0,0,0,0,0,0,0,0,0,0,0,0,0,0,0,0,0,0,0,0,0,0,0,0,0
0,0,0,0,0,0,0,0,0,0,0,0,0,0,0,0,0,0,0,0,0,0,0,0,0,0,0,0,0,0,0,0,0,0,0,0,0,0,0,0,0,0,0,0,0,0,0,0,0,0,0,0,0,0,0,0,0,0,0,0,0,0,0,0,0,0,0,0,0,0,0,0,0,0,0,0,0,0,0,0,0,0,0,0,0,0,0,0,0,0,0,0,0,0,0,0,0,0,0,0,0,0,0,0,0,0,0,0,0,0,0,0,0,0,0,0,0,0,0,0,0,0,0,0,0,0,0,0
0,0,0,0,0,0,0,0,0,0,0,0,0,0,0,0,0,0,0,0,0,0,0,0,0,0,0,0,0,0,0,0,0,0,0,0,0,0,0,0,0,0,0,0,0,0,0,0,0,0,0,0,0,0,0,0,0,0,0,0,0,0,0,0,0,0,0,0,0,0,0,0,0,0,0,0,0,0,0,0,0,0,0,0,0,0,0,0,0,0,0,0,0,0,0,0,0,0,0,0,0,0,0,0,0,0,0,0,0,0,0,0,0,0,0,0,0,0,0,0,0,0,0,0,0,0,0,0
0,0,0,0,0,0,0,0,0,0,0,0,0,0,0,0,0,0,0,0,0,0,0,0,0,0,0,0,0,0,0,0,0,0,0,0,0,0,0,0,0,0,0,0,0,0,0,0,0,0,0,0,0,0,0,0,0,0,0,0,0,0,0,0,0,0,0,0,0,0,0,0,0,0,0,0,0,0,0,0,0,0,0,0,0,0,0,0,0,0,0,0,0,0,0,0,0,0,0,0,0,0,0,0,0,0,0,0,0,0,0,0,0,0,0,0,0,0,0,0,0,0,0,0,0,0,0,0
0,0,0,0,0,0,0,0,0,0,0,0,0,0,0,0,0,0,0,0,0,0,0,0,0,0,0,0,0,0,0,0,0,0,0,0,0,0,0,0,0,0,0,0,0,0,0,0,0,0,0,0,0,0,0,0,0,0,0,0,0,0,0,0,0,0,0,0,0,0,0,0,0,0,0,0,0,0,0,0,0,0,0,0,0,0,0,0,0,0,0,0,0,0,0,0,0,0,0,0,0,0,0,0,0,0,0,0,0,0,0,0,0,0,0,0,0,0,0,0,0,0,0,0,0,0,0,0
0,0,0,0,0,0,0,0,0,0,0,0,0,0,0,0,0,0,0,0,0,0,0,0,0,0,0,0,0,0,0,0,0,0,0,0,0,0,0,0,0,0,0,0,0,0,0,0,0,0,0,0,0,0,0,0,0,0,0,0,0,0,0,0,0,0,0,0,0,0,0,0,0,0,0,0,0,0,0,0,0,0,0,0,0,0,0,0,0,0,0,0,0,0,0,0,0,0,0,0,0,0,0,0,0,0,0,0,0,0,0,0,0,0,0,0,0,0,0,0,0,0,0,0,0,0,0,0
0,0,0,0,0,0,0,0,0,0,0,0,0,0,0,0,0,0,0,0,0,0,0,0,0,0,0,0,0,0,0,0,0,0,0,0,0,0,0,0,0,0,0,0,0,0,0,0,0,0,0,0,0,0,0,0,0,0,0,0,0,0,0,0,0,0,0,0,0,0,0,0,0,0,0,0,0,0,0,0,0,0,0,0,0,0,0,0,0,0,0,0,0,0,0,0,0,0,0,0,0,0,0,0,0,0,0,0,0,0,0,0,0,0,0,0,0,0,0,0,0,0,0,0,0,0,0,0
0,0,0,0,0,0,0,0,0,0,0,0,0,0,0,0,0,0,0,0,0,0,0,0,0,0,0,0,0,0,0,0,0,0,0,0,0,0,0,0,0,0,0,0,0,0,0,0,0,0,0,0,0,0,0,0,0,0,0,0,0,0,0,0,0,0,0,0,0,0,0,0,0,0,0,0,0,0,0,0,0,0,0,0,0,0,0,0,0,0,0,0,0,0,0,0,0,0,0,0,0,0,0,0,0,0,0,0,0,0,0,0,0,0,0,0,0,0,0,0,0,0,0,0,0,0,0,0
0,0,0,0,0,0,0,0,0,0,0,0,0,0,0,0,0,0,0,0,0,0,0,0,0,0,0,0,0,0,0,0,0,0,0,0,0,0,0,0,0,0,0,0,0,0,0,0,0,0,0,0,0,0,0,0,0,0,0,0,0,0,0,0,0,0,0,0,0,0,0,0,0,0,0,0,0,0,0,0,0,0,0,0,0,0,0,0,0,0,0,0,0,0,0,0,0,0,0,0,0,0,0,0,0,0,0,0,0,0,0,0,0,0,0,0,0,0,0,0,0,0,0,0,0,0,0,0
0,0,0,0,0,0,0,0,0,0,0,0,0,0,0,0,0,0,0,0,0,0,0,0,0,0,0,0,0,0,0,0,0,0,0,0,0,0,0,0,0,0,0,0,0,0,0,0,0,0,0,0,0,0,0,0,0,0,0,0,0,0,0,0,0,0,0,0,0,0,0,0,0,0,0,0,0,0,0,0,0,0,0,0,0,0,0,0,0,0,0,0,0,0,0,0,0,0,0,0,0,0,0,0,0,0,0,0,0,0,0,0,0,0,0,0,0,0,0,0,0,0,0,0,0,0,0,0
0,0,0,0,0,0,0,0,0,0,0,0,0,0,0,0,0,0,0,0,0,0,0,0,0,0,0,0,0,0,0,0,0,0,0,0,0,0,0,0,0,0,0,0,0,0,0,0,0,0,0,0,0,0,0,0,0,0,0,0,0,0,0,0,0,0,0,0,0,0,0,0,0,0,0,0,0,0,0,0,0,0,0,0,0,0,0,0,0,0,0,0,0,0,0,0,0,0,0,0,0,0,0,0,0,0,0,0,0,0,0,0,0,0,0,0,0,0,0,0,0,0,0,0,0,0,0,0
0,0,0,0,0,0,0,0,0,0,0,0,0,0,0,0,0,0,0,0,0,0,0,0,0,0,0,0,0,0,0,0,0,0,0,0,0,0,0,0,0,0,0,0,0,0,0,0,0,0,0,0,0,0,0,0,0,0,0,0,0,0,0,0,0,0,0,0,0,0,0,0,0,0,0,0,0,0,0,0,0,0,0,0,0,0,0,0,0,0,0,0,0,0,0,0,0,0,0,0,0,0,0,0,0,0,0,0,0,0,0,0,0,0,0,0,0,0,0,0,0,0,0,0,0,0,0,0
0,0,0,0,0,0,0,0,0,0,0,0,0,0,0,0,0,0,0,0,0,0,0,0,0,0,0,0,0,0,0,0,0,0,0,0,0,0,0,0,0,0,0,0,0,0,0,0,0,0,0,0,0,0,0,0,0,0,0,0,0,0,0,0,0,0,0,0,0,0,0,0,0,0,0,0,0,0,0,0,0,0,0,0,0,0,0,0,0,0,0,0,0,0,0,0,0,0,0,0,0,0,0,0,0,0,0,0,0,0,0,0,0,0,0,0,0,0,0,0,0,0,0,0,0,0,0,0
0,0,0,0,0,0,0,0,0,0,0,0,0,0,0,0,0,0,0,0,0,0,0,0,0,0,0,0,0,0,0,0,0,0,0,0,0,0,0,0,0,0,0,0,0,0,0,0,0,0,0,0,0,0,0,0,0,0,0,0,0,0,0,0,0,0,0,0,0,0,0,0,0,0,0,0,0,0,0,0,0,0,0,0,0,0,0,0,0,0,0,0,0,0,0,0,0,0,0,0,0,0,0,0,0,0,0,0,0,0,0,0,0,0,0,0,0,0,0,0,0,0,0,0,0,0,0,0
0,0,0,0,0,0,0,0,0,0,0,0,0,0,0,0,0,0,0,0,0,0,0,0,0,0,0,0,0,0,0,0,0,0,0,0,0,0,0,0,0,0,0,0,0,0,0,0,0,0,0,0,0,0,0,0,0,0,0,0,0,0,0,0,0,0,0,0,0,0,0,0,0,0,0,0,0,0,0,0,0,0,0,0,0,0,0,0,0,0,0,0,0,0,0,0,0,0,0,0,0,0,0,0,0,0,0,0,0,0,0,0,0,0,0,0,0,0,0,0,0,0,0,0,0,0,0,0
0,0,0,0,0,0,0,0,0,0,0,0,0,0,0,0,0,0,0,0,0,0,0,0,0,0,0,0,0,0,0,0,0,0,0,0,0,0,0,0,0,0,0,0,0,0,0,0,0,0,0,0,0,0,0,0,0,0,0,0,0,0,0,0,0,0,0,0,0,0,0,0,0,0,0,0,0,0,0,0,0,0,0,0,0,0,0,0,0,0,0,0,0,0,0,0,0,0,0,0,0,0,0,0,0,0,0,0,0,0,0,0,0,0,0,0,0,0,0,0,0,0,0,0,0,0,0,0
0,0,0,0,0,0,0,0,0,0,0,0,0,0,0,0,0,0,0,0,0,0,0,0,0,0,0,0,0,0,0,0,0,0,0,0,0,0,0,0,0,0,0,0,0,0,0,0,0,0,0,0,0,0,0,0,0,0,0,0,0,0,0,0,0,0,0,0,0,0,0,0,0,0,0,0,0,0,0,0,0,0,0,0,0,0,0,0,0,0,0,0,0,0,0,0,0,0,0,0,0,0,0,0,0,0,0,0,0,0,0,0,0,0,0,0,0,0,0,0,0,0,0,0,0,0,0,0
0,0,0,0,0,0,0,0,0,0,0,0,0,0,0,0,0,0,0,0,0,0,0,0,0,0,0,0,0,0,0,0,0,0,0,0,0,0,0,0,0,0,0,0,0,0,0,0,0,0,0,0,0,0,0,0,0,0,0,0,0,0,0,0,0,0,0,0,0,0,0,0,0,0,0,0,0,0,0,0,0,0,0,0,0,0,0,0,0,0,0,0,0,0,0,0,0,0,0,0,0,0,0,0,0,0,0,0,0,0,0,0,0,0,0,0,0,0,0,0,0,0,0,0,0,0,0,0
0,0,0,0,0,0,0,0,0,0,0,0,0,0,0,0,0,0,0,0,0,0,0,0,0,0,0,0,0,0,0,0,0,0,0,0,0,0,0,0,0,0,0,0,0,0,0,0,0,0,0,0,0,0,0,0,0,0,0,0,0,0,0,0,0,0,0,0,0,0,0,0,0,0,0,0,0,0,0,0,0,0,0,0,0,0,0,0,0,0,0,0,0,0,0,0,0,0,0,0,0,0,0,0,0,0,0,0,0,0,0,0,0,0,0,0,0,0,0,0,0,0,0,0,0,0,0,0
0,0,0,0,0,0,0,0,0,0,0,0,0,0,0,0,0,0,0,0,0,0,0,0,0,0,0,0,0,0,0,0,0,0,0,0,0,0,0,0,0,0,0,0,0,0,0,0,0,0,0,0,0,0,0,0,0,0,0,0,0,0,0,0,0,0,0,0,0,0,0,0,0,0,0,0,0,0,0,0,0,0,0,0,0,0,0,0,0,0,0,0,0,0,0,0,0,0,0,0,0,0,0,0,0,0,0,0,0,0,0,0,0,0,0,0,0,0,0,0,0,0,0,0,0,0,0,0
0,0,0,0,0,0,0,0,0,0,0,0,0,0,0,0,0,0,0,0,0,0,0,0,0,0,0,0,0,0,0,0,0,0,0,0,0,0,0,0,0,0,0,0,0,0,0,0,0,0,0,0,0,0,0,0,0,0,0,0,0,0,0,0,0,0,0,0,0,0,0,0,0,0,0,0,0,0,0,0,0,0,0,0,0,0,0,0,0,0,0,0,0,0,0,0,0,0,0,0,0,0,0,0,0,0,0,0,0,0,0,0,0,0,0,0,0,0,0,0,0,0,0,0,0,0,0,0
0,0,0,0,0,0,0,0,0,0,0,0,0,0,0,0,0,0,0,0,0,0,0,0,0,0,0,0,0,0,0,0,0,0,0,0,0,0,0,0,0,0,0,0,0,0,0,0,0,0,0,0,0,0,0,0,0,0,0,0,0,0,0,0,0,0,0,0,0,0,0,0,0,0,0,0,0,0,0,0,0,0,0,0,0,0,0,0,0,0,0,0,0,0,0,0,0,0,0,0,0,0,0,0,0,0,0,0,0,0,0,0,0,0,0,0,0,0,0,0,0,0,0,0,0,0,0,0
0,0,0,0,0,0,0,0,0,0,0,0,0,0,0,0,0,0,0,0,0,0,0,0,0,0,0,0,0,0,0,0,0,0,0,0,0,0,0,0,0,0,0,0,0,0,0,0,0,0,0,0,0,0,0,0,0,0,0,0,0,0,0,0,0,0,0,0,0,0,0,0,0,0,0,0,0,0,0,0,0,0,0,0,0,0,0,0,0,0,0,0,0,0,0,0,0,0,0,0,0,0,0,0,0,0,0,0,0,0,0,0,0,0,0,0,0,0,0,0,0,0,0,0,0,0,0,0
0,0,0,0,0,0,0,0,0,0,0,0,0,0,0,0,0,0,0,0,0,0,0,0,0,0,0,0,0,0,0,0,0,0,0,0,0,0,0,0,0,0,0,0,0,0,0,0,0,0,0,0,0,0,0,0,0,0,0,0,0,0,0,0,0,0,0,0,0,0,0,0,0,0,0,0,0,0,0,0,0,0,0,0,0,0,0,0,0,0,0,0,0,0,0,0,0,0,0,0,0,0,0,0,0,0,0,0,0,0,0,0,0,0,0,0,0,0,0,0,0,0,0,0,0,0,0,0
0,0,0,0,0,0,0,0,0,0,0,0,0,0,0,0,0,0,0,0,0,0,0,0,0,0,0,0,0,0,0,0,0,0,0,0,0,0,0,0,0,0,0,0,0,0,0,0,0,0,0,0,0,0,0,0,0,0,0,0,0,0,0,0,0,0,0,0,0,0,0,0,0,0,0,0,0,0,0,0,0,0,0,0,0,0,0,0,0,0,0,0,0,0,0,0,0,0,0,0,0,0,0,0,0,0,0,0,0,0,0,0,0,0,0,0,0,0,0,0,0,0,0,0,0,0,0,0
0,0,0,0,0,0,0,0,0,0,0,0,0,0,0,0,0,0,0,0,0,0,0,0,0,0,0,0,0,0,0,0,0,0,0,0,0,0,0,0,0,0,0,0,0,0,0,0,0,0,0,0,0,0,0,0,0,0,0,0,0,0,0,0,0,0,0,0,0,0,0,0,0,0,0,0,0,0,0,0,0,0,0,0,0,0,0,0,0,0,0,0,0,0,0,0,0,0,0,0,0,0,0,0,0,0,0,0,0,0,0,0,0,0,0,0,0,0,0,0,0,0,0,0,0,0,0,0
0,0,0,0,0,0,0,0,0,0,0,0,0,0,0,0,0,0,0,0,0,0,0,0,0,0,0,0,0,0,0,0,0,0,0,0,0,0,0,0,0,0,0,0,0,0,0,0,0,0,0,0,0,0,0,0,0,0,0,0,0,0,0,0,0,0,0,0,0,0,0,0,0,0,0,0,0,0,0,0,0,0,0,0,0,0,0,0,0,0,0,0,0,0,0,0,0,0,0,0,0,0,0,0,0,0,0,0,0,0,0,0,0,0,0,0,0,0,0,0,0,0,0,0,0,0,0,0
0,0,0,0,0,0,0,0,0,0,0,0,0,0,0,0,0,0,0,0,0,0,0,0,0,0,0,0,0,0,0,0,0,0,0,0,0,0,0,0,0,0,0,0,0,0,0,0,0,0,0,0,0,0,0,0,0,0,0,0,0,0,0,0,0,0,0,0,0,0,0,0,0,0,0,0,0,0,0,0,0,0,0,0,0,0,0,0,0,0,0,0,0,0,0,0,0,0,0,0,0,0,0,0,0,0,0,0,0,0,0,0,0,0,0,0,0,0,0,0,0,0,0,0,0,0,0,0
0,0,0,0,0,0,0,0,0,0,0,0,0,0,0,0,0,0,0,0,0,0,0,0,0,0,0,0,0,0,0,0,0,0,0,0,0,0,0,0,0,0,0,0,0,0,0,0,0,0,0,0,0,0,0,0,0,0,0,0,0,0,0,0,0,0,0,0,0,0,0,0,0,0,0,0,0,0,0,0,0,0,0,0,0,0,0,0,0,0,0,0,0,0,0,0,0,0,0,0,0,0,0,0,0,0,0,0,0,0,0,0,0,0,0,0,0,0,0,0,0,0,0,0,0,0,0,0
0,0,0,0,0,0,0,0,0,0,0,0,0,0,0,0,0,0,0,0,0,0,0,0,0,0,0,0,0,0,0,0,0,0,0,0,0,0,0,0,0,0,0,0,0,0,0,0,0,0,0,0,0,0,0,0,0,0,0,0,0,0,0,0,0,0,0,0,0,0,0,0,0,0,0,0,0,0,0,0,0,0,0,0,0,0,0,0,0,0,0,0,0,0,0,0,0,0,0,0,0,0,0,0,0,0,0,0,0,0,0,0,0,0,0,0,0,0,0,0,0,0,0,0,0,0,0,0
0,0,0,0,0,0,0,0,0,0,0,0,0,0,0,0,0,0,0,0,0,0,0,0,0,0,0,0,0,0,0,0,0,0,0,0,0,0,0,0,0,0,0,0,0,0,0,0,0,0,0,0,0,0,0,0,0,0,0,0,0,0,0,0,0,0,0,0,0,0,0,0,0,0,0,0,0,0,0,0,0,0,0,0,0,0,0,0,0,0,0,0,0,0,0,0,0,0,0,0,0,0,0,0,0,0,0,0,0,0,0,0,0,0,0,0,0,0,0,0,0,0,0,0,0,0,0,0
0,0,0,0,0,0,0,0,0,0,0,0,0,0,0,0,0,0,0,0,0,0,0,0,0,0,0,0,0,0,0,0,0,0,0,0,0,0,0,0,0,0,0,0,0,0,0,0,0,0,0,0,0,0,0,0,0,0,0,0,0,0,0,0,0,0,0,0,0,0,0,0,0,0,0,0,0,0,0,0,0,0,0,0,0,0,0,0,0,0,0,0,0,0,0,0,0,0,0,0,0,0,0,0,0,0,0,0,0,0,0,0,0,0,0,0,0,0,0,0,0,0,0,0,0,0,0,0
0,0,0,0,0,0,0,0,0,0,0,0,0,0,0,0,0,0,0,0,0,0,0,0,0,0,0,0,0,0,0,0,0,0,0,0,0,0,0,0,0,0,0,0,0,0,0,0,0,0,0,0,0,0,0,0,0,0,0,0,0,0,0,0,0,0,0,0,0,0,0,0,0,0,0,0,0,0,0,0,0,0,0,0,0,0,0,0,0,0,0,0,0,0,0,0,0,0,0,0,0,0,0,0,0,0,0,0,0,0,0,0,0,0,0,0,0,0,0,0,0,0,0,0,0,0,0,0
0,0,0,0,0,0,0,0,0,0,0,0,0,0,0,0,0,0,0,0,0,0,0,0,0,0,0,0,0,0,0,0,0,0,0,0,0,0,0,0,0,0,0,0,0,0,0,0,0,0,0,0,0,0,0,0,0,0,0,0,0,0,0,0,0,0,0,0,0,0,0,0,0,0,0,0,0,0,0,0,0,0,0,0,0,0,0,0,0,0,0,0,0,0,0,0,0,0,0,0,0,0,0,0,0,0,0,0,0,0,0,0,0,0,0,0,0,0,0,0,0,0,0,0,0,0,0,0
0,0,0,0,0,0,0,0,0,0,0,0,0,0,0,0,0,0,0,0,0,0,0,0,0,0,0,0,0,0,0,0,0,0,0,0,0,0,0,0,0,0,0,0,0,0,0,0,0,0,0,0,0,0,0,0,0,0,0,0,0,0,0,0,0,0,0,0,0,0,0,0,0,0,0,0,0,0,0,0,0,0,0,0,0,0,0,0,0,0,0,0,0,0,0,0,0,0,0,0,0,0,0,0,0,0,0,0,0,0,0,0,0,0,0,0,0,0,0,0,0,0,0,0,0,0,0,0
0,0,0,0,0,0,0,0,0,0,0,0,0,0,0,0,0,0,0,0,0,0,0,0,0,0,0,0,0,0,0,0,0,0,0,0,0,0,0,0,0,0,0,0,0,0,0,0,0,0,0,0,0,0,0,0,0,0,0,0,0,0,0,0,0,0,0,0,0,0,0,0,0,0,0,0,0,0,0,0,0,0,0,0,0,0,0,0,0,0,0,0,0,0,0,0,0,0,0,0,0,0,0,0,0,0,0,0,0,0,0,0,0,0,0,0,0,0,0,0,0,0,0,0,0,0,0,0
0,0,0,0,0,0,0,0,0,0,0,0,0,0,0,0,0,0,0,0,0,0,0,0,0,0,0,0,0,0,0,0,0,0,0,0,0,0,0,0,0,0,0,0,0,0,0,0,0,0,0,0,0,0,0,0,0,0,0,0,0,0,0,0,0,0,0,0,0,0,0,0,0,0,0,0,0,0,0,0,0,0,0,0,0,0,0,0,0,0,0,0,0,0,0,0,0,0,0,0,0,0,0,0,0,0,0,0,0,0,0,0,0,0,0,0,0,0,0,0,0,0,0,0,0,0,0,0
0,0,0,0,0,0,0,0,0,0,0,0,0,0,0,0,0,0,0,0,0,0,0,0,0,0,0,0,0,0,0,0,0,0,0,0,0,0,0,0,0,0,0,0,0,0,0,0,0,0,0,0,0,0,0,0,0,0,0,0,0,0,0,0,0,0,0,0,0,0,0,0,0,0,0,0,0,0,0,0,0,0,0,0,0,0,0,0,0,0,0,0,0,0,0,0,0,0,0,0,0,0,0,0,0,0,0,0,0,0,0,0,0,0,0,0,0,0,0,0,0,0,0,0,0,0,0,0
0,0,0,0,0,0,0,0,0,0,0,0,0,0,0,0,0,0,0,0,0,0,0,0,0,0,0,0,0,0,0,0,0,0,0,0,0,0,0,0,0,0,0,0,0,0,0,0,0,0,0,0,0,0,0,0,0,0,0,0,0,0,0,0,0,0,0,0,0,0,0,0,0,0,0,0,0,0,0,0,0,0,0,0,0,0,0,0,0,0,0,0,0,0,0,0,0,0,0,0,0,0,0,0,0,0,0,0,0,0,0,0,0,0,0,0,0,0,0,0,0,0,0,0,0,0,0,0
0,0,0,0,0,0,0,0,0,0,0,0,0,0,0,0,0,0,0,0,0,0,0,0,0,0,0,0,0,0,0,0,0,0,0,0,0,0,0,0,0,0,0,0,0,0,0,0,0,0,0,0,0,0,0,0,0,0,0,0,0,0,0,0,0,0,0,0,0,0,0,0,0,0,0,0,0,0,0,0,0,0,0,0,0,0,0,0,0,0,0,0,0,0,0,0,0,0,0,0,0,0,0,0,0,0,0,0,0,0,0,0,0,0,0,0,0,0,0,0,0,0,0,0,0,0,0,0
0,0,0,0,0,0,0,0,0,0,0,0,0,0,0,0,0,0,0,0,0,0,0,0,0,0,0,0,0,0,0,0,0,0,0,0,0,0,0,0,0,0,0,0,0,0,0,0,0,0,0,0,0,0,0,0,0,0,0,0,0,0,0,0,0,0,0,0,0,0,0,0,0,0,0,0,0,0,0,0,0,0,0,0,0,0,0,0,0,0,0,0,0,0,0,0,0,0,0,0,0,0,0,0,0,0,0,0,0,0,0,0,0,0,0,0,0,0,0,0,0,0,0,0,0,0,0,0
0,0,0,0,0,0,0,0,0,0,0,0,0,0,0,0,0,0,0,0,0,0,0,0,0,0,0,0,0,0,0,0,0,0,0,0,0,0,0,0,0,0,0,0,0,0,0,0,0,0,0,0,0,0,0,0,0,0,0,0,0,0,0,0,0,0,0,0,0,0,0,0,0,0,0,0,0,0,0,0,0,0,0,0,0,0,0,0,0,0,0,0,0,0,0,0,0,0,0,0,0,0,0,0,0,0,0,0,0,0,0,0,0,0,0,0,0,0,0,0,0,0,0,0,0,0,0,0
0,0,0,0,0,0,0,0,0,0,0,0,0,0,0,0,0,0,0,0,0,0,0,0,0,0,0,0,0,0,0,0,0,0,0,0,0,0,0,0,0,0,0,0,0,0,0,0,0,0,0,0,0,0,0,0,0,0,0,0,0,0,0,0,0,0,0,0,0,0,0,0,0,0,0,0,0,0,0,0,0,0,0,0,0,0,0,0,0,0,0,0,0,0,0,0,0,0,0,0,0,0,0,0,0,0,0,0,0,0,0,0,0,0,0,0,0,0,0,0,0,0,0,0,0,0,0,0
0,0,0,0,0,0,0,0,0,0,0,0,0,0,0,0,0,0,0,0,0,0,0,0,0,0,0,0,0,0,0,0,0,0,0,0,0,0,0,0,0,0,0,0,0,0,0,0,0,0,0,0,0,0,0,0,0,0,0,0,0,0,0,0,0,0,0,0,0,0,0,0,0,0,0,0,0,0,0,0,0,0,0,0,0,0,0,0,0,0,0,0,0,0,0,0,0,0,0,0,0,0,0,0,0,0,0,0,0,0,0,0,0,0,0,0,0,0,0,0,0,0,0,0,0,0,0,0
0,0,0,0,0,0,0,0,0,0,0,0,0,0,0,0,0,0,0,0,0,0,0,0,0,0,0,0,0,0,0,0,0,0,0,0,0,0,0,0,0,0,0,0,0,0,0,0,0,0,0,0,0,0,0,0,0,0,0,0,0,0,0,0,0,0,0,0,0,0,0,0,0,0,0,0,0,0,0,0,0,0,0,0,0,0,0,0,0,0,0,0,0,0,0,0,0,0,0,0,0,0,0,0,0,0,0,0,0,0,0,0,0,0,0,0,0,0,0,0,0,0,0,0,0,0,0,0
0,0,0,0,0,0,0,0,0,0,0,0,0,0,0,0,0,0,0,0,0,0,0,0,0,0,0,0,0,0,0,0,0,0,0,0,0,0,0,0,0,0,0,0,0,0,0,0,0,0,0,0,0,0,0,0,0,0,0,0,0,0,0,0,0,0,0,0,0,0,0,0,0,0,0,0,0,0,0,0,0,0,0,0,0,0,0,0,0,0,0,0,0,0,0,0,0,0,0,0,0,0,0,0,0,0,0,0,0,0,0,0,0,0,0,0,0,0,0,0,0,0,0,0,0,0,0,0
0,0,0,0,0,0,0,0,0,0,0,0,0,0,0,0,0,0,0,0,0,0,0,0,0,0,0,0,0,0,0,0,0,0,0,0,0,0,0,0,0,0,0,0,0,0,0,0,0,0,0,0,0,0,0,0,0,0,0,0,0,0,0,0,0,0,0,0,0,0,0,0,0,0,0,0,0,0,0,0,0,0,0,0,0,0,0,0,0,0,0,0,0,0,0,0,0,0,0,0,0,0,0,0,0,0,0,0,0,0,0,0,0,0,0,0,0,0,0,0,0,0,0,0,0,0,0,0
