0.00103779978869559,0.003727611229192,0.003727611229192,0.00103779978869559,4.93340589988024e-05,0.00545796239340922,0.0027325871159741,0.00942040471823497,0.0120072364116654,0.00119435441718112,0.0063265872095907,0.0140723841405325,0.00198486890943578,0.00442089962294819,0.0044671293671862,0.0148759894483388,0.00881814897150793,0.00250884332825479,0.000261535692325255,0.0112054015585475,0.0185525032584775,0.000117600065607763,0.00339115157973694,0.0188571119064909,0.00192948804174529,0.00957883730687227,0.0119241717412173,0.00246879008066456,0.00347972281504823,0.00120576847547438,5.81443469208777e-05,0.0157777287996575,0.000531540846844515,0.00914249135172513,0.0297352099127496,0.00778256854937776,0.016966112446257,0.0124066177027085,0.0104885712072842,0.024172939325155,0.00667354275549713,0.0238501621769021,0.0239122381454799,0.0113090870684207,0.014198542628208,0.00883609857302475,0.0100663154717927,0.0217835009660817,0.00752297719942449,0.00476964146140982,0.0092807794110765,0.0199293682942412,0.0053389938861886,0.00586497135397968,0.0127171256813954,0.00588513194282164,0.0103955215854252,0.0112353983645242,0.00679006528550186,0.0251714982095265,0.0170780128399972,0.00816059689725476,0.00366254688476609,0.00207931131697264,0.00865832360328205,0.0066999714558484,0.00280476139851324,0.00115477676098851,0.0184610342551764,0.000945013244679733,0.00366262550391394,0.00384350813964358,0.00249537533890873,0.00908796325778124,0.0216678883084966,0.0191331123918257,0.0227623404090607,0.033572260010961,0.11080885111723,0.101586287007733,0.01565386179694,0.00478059477377635,0.0128266900819684,0.0164676955754328,0.0123461793212187,0.00767315343230517,0.00445994796874598,0.00449798214954146,0.016092962678221,0.10069603230222,0.105163994564538,0.0348368406526341,0.0318099236785043,0.0241756389281145,0.0411315331917036,0.0272304496946316,0.0270512685674783,0.110503371496329,0.104203896686732,0.0516915608231848,0.00510644654245556,0.00708189829312036,0.000285378951525121,0.0091976915163444,0.00380298827208044,0.0306805718981389,0.0371777184864177,0.00572588367305663,0.00624804709468646,0.063068752649369,0.0297071577151884,0.0756420854791841,0.026765908448744,0.00854403341359375,0.0742321107233454,0.141768666118826,0.106684240135688,0.140482688706453,0.0480465933382863,9.48274164586308e-05,0.0684993796156201,0.0581197547149767,0.0489781759252955,0.0528793579550624,0.0239659233588104,0.0188832169116182,0.0062143472250091,0.0698604203081892,0.0357493857952982
0.003727611229192,0.00173789209900505,0.003727611229192,9.62485865576737e-06,3.33283985005853e-07,0.00113096017828626,0.0017343162635271,0.00676826283614671,0.00508246199265155,0.000195884803519623,0.0138392769618576,0.00429263652342397,9.48237124798863e-05,0.00114812715962375,0.0030078742864154,6.47547420445656e-05,0.00535708560768908,0.00148188602783053,0.00146500708635899,0.018593491762803,0.00927213690444306,0.000685594389968362,0.000979164415557917,0.0009528244299307,0.00107188373559925,0.0175101927150635,7.84727973137486e-05,0.000276433927432951,0.0204548630673024,0.000963965760943307,0.0117148072637024,0.000989046642138864,0.0290094036997615,0.00875348987213219,0.000245133671085662,0.0244508328661662,0.00781661693674379,0.00950765632859889,0.0119842648750179,0.0146015303638159,0.000659481211842212,0.00520021816209222,0.00215494079941623,0.000772981299095734,0.00985801966056711,1.7815062840692e-05,0.00117839187840129,0.0102469933577725,0.00121292455626595,0.00146516100612079,0.00355590705587426,0.0169542621536058,0.000274959979316436,0.00163070570020593,0.000980878211691047,0.0109111995059959,0.00164061840559669,0.00440872829422275,0.00211899893324866,0.000902922991920733,0.00485330651676845,0.00134351703980554,0.000803522091783055,0.000592100888067178,0.00275886275039769,0.00134781857525243,0.0066330692162206,0.0225965569292575,0.00920455638940021,0.000983922960095164,0.0103557554958406,4.82501342978662e-05,0.00262880122264927,0.028399380326375,0.0256264057201421,0.0241238837123166,0.0303616127820797,0.113046398448943,0.191795479870462,0.106383238710746,0.00196749834193263,0.00278152424439079,0.00079428764604049,0.0153826569369091,0.00946085408270658,5.96604513744036e-08,0.000878387172564208,0.0437407255004855,0.00963284632818717,0.133407657142662,0.0681754162170623,0.0253487848456214,0.0270288262733598,0.0068863578840575,0.0363165549144696,0.00173188563556371,0.0521963995974256,0.130904893980228,0.0313696606286455,0.000912129334529913,0.000149677336440846,0.000304137158116826,5.12992149484881e-05,0.000152371093950463,0.0386536681540755,0.00648806483007138,0.0337547540663842,0.00103159964036619,0.0242236216775732,0.0161697564328586,0.0329039892788609,0.12105252324801,0.00851027193618983,0.0100863469239116,0.0525739595213811,0.563672168034063,0.343388874473526,0.231049013106883,0.0206388515794452,0.0625804449024994,0.110592328714971,0.000696618379206205,0.0442018025471919,0.0125147342085859,0.0188143179043821,0.0146130053952701,0.00014764852788309,0.0210372641610543,0.0100152668864684
0.003727611229192,0.003727611229192,0.00103779978869559,4.93340589988024e-05,0.00545796239340922,0.00273258711597409,0.00942040471823497,0.0120072364116654,0.00119435441718112,0.0063265872095907,0.0140723841405325,0.00198486890943578,0.00442089962294819,0.0044671293671862,0.0148759894483388,0.00881814897150793,0.0025088433282548,0.000261535692325255,0.0112054015585475,0.0185525032584775,0.000117600065607763,0.00339115157973694,0.0188571119064909,0.00192948804174529,0.00957883730687227,0.0119241717412173,0.00246879008066456,0.00347972281504823,0.00120576847547438,5.81443469208781e-05,0.0157777287996575,0.000531540846844515,0.00914249135172513,0.0297352099127496,0.00778256854937775,0.016966112446257,0.0124066177027085,0.0104885712072842,0.024172939325155,0.00667354275549713,0.0238501621769021,0.0239122381454799,0.0113090870684207,0.014198542628208,0.00883609857302475,0.0100663154717927,0.0217835009660817,0.00752297719942449,0.00476964146140982,0.0092807794110765,0.0199293682942412,0.00533899388618859,0.00586497135397968,0.0127171256813954,0.00588513194282164,0.0103955215854252,0.0112353983645242,0.00679006528550186,0.0251714982095265,0.0170780128399972,0.00816059689725476,0.00366254688476609,0.00207931131697264,0.00865832360328206,0.0066999714558484,0.00280476139851324,0.00115477676098851,0.0184610342551764,0.000945013244679732,0.00366262550391394,0.00384350813964357,0.00249537533890873,0.00908796325778124,0.0216678883084966,0.0191331123918257,0.0227623404090607,0.033572260010961,0.11080885111723,0.101586287007733,0.0156538617969401,0.00478059477377635,0.0128266900819684,0.0164676955754328,0.0123461793212187,0.00767315343230517,0.00445994796874597,0.00449798214954146,0.016092962678221,0.10069603230222,0.105163994564538,0.0348368406526341,0.0318099236785044,0.0241756389281145,0.0411315331917036,0.0272304496946316,0.0270512685674784,0.110503371496329,0.104203896686732,0.0516915608231847,0.00510644654245556,0.00708189829312036,0.000285378951525121,0.0091976915163444,0.00380298827208043,0.0306805718981389,0.0371777184864177,0.00572588367305663,0.00624804709468646,0.063068752649369,0.0297071577151884,0.0756420854791841,0.026765908448744,0.00854403341359375,0.0742321107233454,0.141768666118826,0.106684240135688,0.140482688706453,0.0480465933382863,9.48274164586316e-05,0.0684993796156201,0.0581197547149766,0.0489781759252955,0.0528793579550624,0.0239659233588104,0.0188832169116182,0.0062143472250091,0.0698604203081892,0.0357493857952982,0.0158836698366497
0.00103779978869559,9.62485865576737e-06,4.93340589988024e-05,0.046698983734828,0.116070589843007,0.0615095871019628,0.0800223281215176,0.0384097719336908,0.0056123596670932,0.0277174236883057,0.056251123517286,0.0345240726125298,0.021303542822821,0.0677026635299574,0.0747255567656759,0.0431466303625783,0.0146969449336556,0.0681443915981591,0.0715046911075583,0.0126354551332214,0.036748007475776,0.0476632316671087,0.0211356782095766,0.0233016940442889,0.0374645278898478,0.0297689958250737,0.0165686099933668,0.0602859100735578,0.0236621309710452,0.0601203539193345,0.0518125349949251,0.0371418307022788,0.116860633851453,0.0577479300455413,0.0246178002029004,0.056440603557802,0.0517318536837609,0.0537196657100125,0.112399102926661,0.0848391905502397,0.151592909834957,0.136073919634962,0.0838198683557658,0.127312074247841,0.0888246142029603,0.100083310658731,0.131088601282465,0.05597189904148,0.0765211457457216,0.135489106347661,0.0674621706889644,0.0453543504520252,0.103606312932382,0.069121605682559,0.0692986305750349,0.0838444597461536,0.0948822236707699,0.0778384471316676,0.0754087792660638,0.0551024777983313,0.047500170280406,0.0611424552346993,0.0481520703655288,0.0372003574594115,0.0390491267132158,0.0312349073530021,0.0553898703479684,0.0137168098049317,0.000836808530092381,0.00323828376144512,0.000307302113541648,0.00058322687917588,0.00103410439802449,0.000130021554456048,0.000104504530531248,0.00213914987522859,0.00877657470792262,0.0046668912658506,0.00697763696962921,0.007734038415619,0.00569598349945316,0.00277865461634409,0.00152745563628792,0.000253694100299147,0.000638572369285618,0.000920820422421629,0.00216343103630572,0.000843005253287833,0.000157762420056914,0.000806262525104746,0.000132319764022658,0.000127471842427949,0.00090393954538036,0.00301171997955596,0.000441920643817156,0.00275926735611652,0.00852678799215649,0.00245014983321872,0.0011382366029354,0.000722087458813713,0.000504320891752978,0.00238125769737039,0.00215323009740965,0.00202551700301877,0.00261793983656456,0.00774782807902907,0.00448382618518483,0.00398661552387349,0.00188830533763831,0.00169533028321729,0.0025951004770827,0.00126163371984036,0.00113784911163037,5.42628272540674e-05,0.000156523552321975,4.27624646979821e-05,0.000311383870738639,0.000194785818407092,9.27931505891002e-05,0.000429724741686018,9.01816476634707e-07,0.000576753726003413,0.000911724477565844,0.000797637668081974,0.00189263607416245,9.23680586415762e-05,0.000382373587393835,0.000736918311888062,0.000679025837863754
4.93340589988024e-05,3.33283985005853e-07,0.00545796239340922,0.116070589843007,0.170558998842065,0.0804861836999979,0.0710798435983057,0.0469739121642776,0.0087841947430368,0.0548325433944902,0.0938744316708223,0.127078593860301,0.0965133442971479,0.130189381106898,0.172864681975686,0.0817436364089568,0.162655696819827,0.261943658242371,0.147057741314048,0.0842137317355012,0.181751685020563,0.0851523436961195,0.0345620259036371,0.124371942017394,0.0929043706292489,0.036748734818557,0.0916812545710531,0.0826386637830254,0.037946336982434,0.101533519108153,0.0644512687075337,0.126523284924819,0.0954103620944803,0.0572330861380568,0.0466933579793531,0.0448211100878392,0.02594364499172,0.0760808071639837,0.0811035704319211,0.0820516214803261,0.110588389514575,0.0703183787808967,0.0905504017761654,0.11458525860386,0.109810227868887,0.139186834736427,0.14257404798558,0.0843460676178087,0.136168313615309,0.136600664056771,0.118231120157953,0.137260460563528,0.116144523323827,0.0721249274176054,0.117234345159149,0.134207562110004,0.105864993744003,0.0784038815209205,0.0869096704776565,0.096007477406854,0.0700481818297642,0.0691866272166356,0.0712303814773326,0.0743635719183606,0.0463553921882524,0.0662082342777395,0.0699756797844803,0.0107944519138392,0.00448223367763403,0.0015381810973033,1.11301369387892e-06,0.00050156956852676,0.00126907872146611,0.000220119394349418,0.000189791024490614,0.00912337178190677,0.0124481768968512,0.00971770796501333,0.0108919601844752,0.00695570652628871,0.00435717269755073,0.00265768333059081,0.00113071215122098,2.46543903536328e-06,0.000155637973191656,0.0011217668053662,0.000869152019421946,7.55334086977239e-05,0.00117684509560889,2.77263531027465e-05,5.54697515154457e-05,3.56749741801578e-05,0.00201837156603703,0.00251282311905724,0.000949231352205228,0.00435133309942047,0.00556880187515741,0.00123595405248844,0.00164820453645231,0.00115773915001044,0.00106352922095728,0.00100225907155403,0.000970228838250589,0.00353945679594934,0.0026513820075071,0.00313950435006353,0.00235511840089007,0.00185341357400611,0.00104072096884928,0.00241520196247269,0.00101829969440139,0.000664362978076901,0.000182829741279117,0.000173004921753253,2.2736666177878e-05,0.000116192449154671,0.000276721048371493,0.000104070368765885,0.000252756421674821,0.000479346606043768,0.000181266244114799,0.000709564725488749,0.000133407792970595,0.00104569129062729,0.000962579106450486,3.57492030706373e-05,0.00102612551037056,0.000506475605977134,0.000506475605977134
0.00545796239340922,0.00113096017828626,0.00273258711597409,0.0615095871019628,0.0804861836999979,0.00868984312804978,0.00486051260519804,0.00582649958638492,0.00937264970541256,0.0127155469816267,0.0329829874629755,0.043480258733632,0.00606985807078789,0.0528693229620664,0.0422760655366833,0.0110823191965505,0.0662982298785021,0.0558338167611917,0.00404691432756023,0.0588998066880068,0.0721266706289781,0.0157362639807722,0.0324635972122113,0.0521720101343013,0.018985748573687,0.0112143522929658,0.0200143130953596,0.00164349506123673,0.0105335544242036,0.0212649572380495,0.00447813944233088,0.0123362634381521,0.00409337778528525,0.00254100844100837,0.0023296687948648,0.0122995383198273,0.0193699875578658,0.00970681817082194,0.0389836788009308,0.0360495001245612,0.035195301011736,0.0330491361974848,0.00983473651477616,0.0162965020911029,0.0179556184599081,0.0169983060851058,0.0229989110494019,0.00525090120583223,0.0246166229353183,0.0266100474895349,0.0246105397785441,0.020939422858585,0.0242532439959609,0.0177624126147171,0.0280406562220876,0.0279307751601438,0.00833887266459186,0.00731339276225115,0.0248801020325816,0.0133802579213486,0.00238048314107658,0.00353706712259612,0.0142225134252074,0.0122328397695007,0.0139703206698256,0.0145633202316343,0.00652828806133792,0.00259798535665045,0.000770267522418522,0.000291178303229589,0.000135283389291716,0.000861270212618579,0.000444976041232301,6.09174801460357e-05,0.001611190538617,0.00617894815526984,0.0037496912898851,0.0025762366059339,0.00163166112592798,0.00071190565251339,0.000334097485337896,0.000131731744526553,2.16206149206631e-06,7.98271608780612e-05,0.000254564905534752,4.68720396386452e-05,1.86876578770288e-05,5.20631314140616e-05,6.99028771519683e-05,0.000107419300013166,0.000308546439749092,9.27875815695683e-05,4.51091131332697e-05,0.000174823720199992,1.70710096763197e-05,0.000154936025088809,4.99891120433891e-05,0.000177412643598964,6.40671054346695e-05,2.60773710704224e-05,4.3592477022867e-07,3.39491029782271e-06,5.70514711182488e-05,0.000637246627999605,0.0001522055187586,0.000254271611302778,2.32113770213649e-05,1.02227028961082e-05,0.000458321153514783,2.32524780833903e-05,0.000124429814066669,9.87869931986971e-06,2.57343304508031e-05,0.000118819176231239,5.49777809071648e-06,0.000111918989973381,0.000193790297519469,1.54530856984499e-05,0.000129736876622079,3.84189452827709e-05,5.86361146048023e-05,6.40695140860461e-05,8.50453261150057e-05,2.59622005944673e-05,4.0783558549655e-05,0.000134977889501449,6.55697524195695e-05,5.64986935046984e-06,6.55697524195695e-05
0.0027325871159741,0.0017343162635271,0.00942040471823497,0.0800223281215176,0.0710798435983057,0.00486051260519804,0.0153751128372588,0.0207648577541117,0.00383806307352923,0.00668633500802372,0.0269706395063189,0.0224446695932899,0.0201237268851796,0.0283654257299292,0.0363732672547575,0.0193433817047795,0.0071946055411508,0.018618141309702,0.0269381725331273,0.0116322877492689,0.0177143561816328,0.0119547383689188,0.00622224244500928,0.0042143314267902,0.0215720906194607,0.00921511772214216,0.0279766438916537,0.0163592615880179,0.0234715746081935,0.0398843089953833,0.0284187712044057,0.01105813375628,0.0375595404091316,0.0352160045862283,0.0449077802055896,0.0953073286875936,0.081934349625179,0.121167653758359,0.146845735847224,0.116337704745371,0.172673961452694,0.14990135025729,0.119122792029612,0.1668404815973,0.0757043156034321,0.081885301132283,0.0915615603912113,0.0472060339687619,0.0923589356379579,0.153676186573314,0.0924818350581259,0.0622479185435607,0.08618452037728,0.0846995206065531,0.0839985548750106,0.0821496680060645,0.0565739640544157,0.0485082624361349,0.0735731348703667,0.0309195054199419,0.0350568573253459,0.0494188328501554,0.0415037608389821,0.0640850795649026,0.0385895200673117,0.00535811469989361,0.00460216802980385,0.000976856268017893,0.000496532670218274,0.000684053617752486,0.000197993550587283,0.000245634113731806,2.92081218349338e-05,0.000100962889416428,0.000778765285325007,0.000742370218916293,0.000335841838684192,0.000320319588445201,0.000127117400766356,4.00867295255227e-05,0.000522819417364897,5.37716958074652e-05,4.43345096797084e-05,0.000799354769580684,0.000357921868289705,7.09894539125284e-05,6.40923555305271e-05,4.87900712767108e-05,0.000283207526558476,0.000382957740830531,0.00016347516825889,0.000164034041542385,0.000369659172949035,0.000305140417828313,1.42750579657116e-05,0.000124704769345404,0.000158081350440428,0.000155514858113156,0.000283167342968935,8.16221240093633e-05,1.79900494252569e-05,5.41978831254628e-05,0.00124504226125162,0.00126135619405096,0.000451754286611588,0.000379200728429286,0.000110994715856432,0.000964423723084375,0.000393252261125278,7.36119181484488e-05,5.13200437802255e-05,8.49636726795915e-06,2.86927520403059e-05,4.8094627636767e-05,1.16792419668701e-05,8.97502108578426e-05,2.55998666038266e-05,6.7869194534338e-06,0.000280828814266856,4.73916556814919e-06,3.32155243045476e-05,0.000185520584095454,4.09489379500914e-05,6.14460015768508e-05,0.000237191870638774,2.19731167928714e-05,0.000160132457337482,0.000160132457337482,2.19731167928714e-05
0.00942040471823497,0.00676826283614671,0.0120072364116654,0.0384097719336908,0.0469739121642776,0.00582649958638492,0.0207648577541117,0.0127078123805356,0.00191117410539541,0.0180855571431709,0.0652104147159552,0.132024016974011,0.0548307725336273,0.0746065723980063,0.0889084986457754,0.0128048101264685,0.0328795734633318,0.185373733056084,0.0778769532324717,0.024111503316497,0.1131896071249,0.0655251924377028,0.00133592119226703,0.0287139262810898,0.0253159099869338,0.00916654617659522,0.0301124886558662,0.00677894739580771,0.0142207083125421,0.0335147942322263,0.0185597246952637,0.0264503284281288,0.0254963960052455,0.023395280877775,0.0464181195748317,0.0420276802941335,0.0221499334129395,0.0556790255560271,0.0423952196288126,0.0335533221168327,0.0727383426893144,0.0604262878817872,0.0857205539739413,0.109181532402398,0.0560056668447789,0.0595594837573514,0.0632609370032787,0.0420656573187034,0.113042214384272,0.104818516212485,0.0723380451560889,0.091692242613265,0.0870916061651622,0.0870146889190336,0.0647452868335735,0.0576731386170395,0.0605062017478701,0.0426938651897495,0.0457110261821185,0.0491891020686194,0.0507238859033057,0.0396802910187912,0.0514747382189877,0.0695183014590966,0.0227298917674509,0.0068956613758909,0.00216996069881949,0.000197941700119181,0.0011796203226999,0.000512025353436732,3.27659998004613e-05,8.03501887928344e-05,8.18951421127945e-05,0.000272742929717952,0.00081149903644013,0.000246816285059509,8.15820549339545e-05,0.000204482463747116,0.000219754242551375,0.000919168518243502,0.000474531707456591,5.17132077450462e-05,0.000488705419568462,0.000345894412669757,0.000149185637728435,5.26226771911681e-05,4.1593529606061e-05,0.000104998210345248,0.000120308070307076,1.65790733519659e-05,7.98645469993749e-05,0.000175121269383756,8.29079106133141e-05,7.07943531591234e-06,2.77414330520806e-05,0.000119505586070122,0.000154788467788726,3.39595067775048e-05,1.36183177139659e-06,3.79532270659281e-05,2.14317869904254e-05,2.2417595028607e-05,0.000161958709553487,0.00013792882495013,8.47041105339493e-05,8.12331207809115e-05,0.000118938473204051,7.36973837842618e-05,3.38126974621855e-05,2.72189194537134e-06,1.82725638937718e-05,1.36006886739366e-05,1.92334139796897e-05,7.78878636960545e-06,6.1558557341646e-06,1.57551024062326e-05,3.39904243410115e-06,9.5560545809082e-06,2.96705631713009e-05,1.02343168099824e-05,1.01637231285104e-05,1.56329160103941e-05,1.30061497337699e-05,3.77617639504355e-05,4.64940871510004e-05,4.4309028398436e-05,7.21258121286609e-05,4.4309028398436e-05,4.64940871510004e-05
0.0120072364116654,0.00508246199265155,0.00119435441718112,0.0056123596670932,0.0087841947430368,0.00937264970541256,0.00383806307352923,0.00191117410539541,0.00259190092886775,0.0027116336721063,0.0212921018703456,0.0246255822731114,0.00365686527051351,0.010150218019847,0.00308725435242585,0.0120880555688626,0.028804380350064,0.0357332010674286,0.0100454135191989,0.0401465268727511,0.0475976183578811,0.0156081673913287,0.00313442494333054,0.00457765810340463,0.00180996041144895,0.00159405324821529,0.00299674047925937,0.00671388020888746,0.0195541080267946,0.00550558412651768,0.00654298300132505,0.00632510713986945,0.00959948088635166,0.0328444052655213,0.0239813809601632,0.0894433963569438,0.084566563976608,0.0908466645701883,0.172741178355916,0.109766129864104,0.136973877629083,0.100112073100666,0.0267176648265307,0.0448134895729822,0.0273414969780609,0.0215726619410059,0.0424267972312679,0.0242457216045329,0.0410635789713796,0.0472668719712429,0.0324848557279133,0.026729937903269,0.0487803921760874,0.0379611328205503,0.0298812993029201,0.0580727204274016,0.0387947221525937,0.0243949291425453,0.0157518258911154,0.00998301656113365,0.0176310121441255,0.0121920250986559,0.0119909876746765,0.0240696174687366,0.00612912130194844,0.00162127076488364,0.00063594097891182,0.000170859129995872,0.000124998433270529,0.000319835854809772,0.000240455002418173,0.00014911363823415,0.000106308268543702,0.000495201085391401,0.000508836535328976,0.000303000303644529,0.00023004439477558,0.000236231854864879,0.000831991164041513,0.000140898629456663,0.000182473832161555,0.000156481682229097,8.19102855957551e-05,0.000127891570623831,0.000175314517707283,4.0612215906614e-05,0.000201241873211892,9.57418491081105e-05,5.80177940649512e-05,0.000141602830281204,3.51995880320437e-05,3.87319254963751e-05,6.14196280464538e-05,4.96478658002939e-05,2.65985901929342e-05,2.67963326095552e-06,1.57103709772442e-05,9.28385137018089e-06,4.93600105920548e-06,1.71685453264544e-06,2.23480381306082e-05,4.35777119018727e-05,2.80762026523621e-05,5.62880520266548e-06,2.00437839035782e-05,3.05659078162842e-06,3.68315263295732e-06,2.44082422471349e-06,2.67424021698622e-06,9.00744087071308e-06,8.47333921435953e-07,8.6851081392749e-06,1.10529351845785e-05,6.60769353558369e-06,2.01434661839493e-05,9.08095431784002e-06,2.16989227657478e-06,6.44604408179119e-06,5.0980022988071e-06,1.21866537586706e-06,1.61213276873867e-06,1.7129775180149e-05,1.18278795201929e-05,8.60144790368121e-07,3.67512482821556e-05,2.96530650217395e-06,2.96530650217395e-06,3.67512482821556e-05,8.60144790368121e-07
0.00119435441718112,0.000195884803519623,0.0063265872095907,0.0277174236883057,0.0548325433944902,0.0127155469816267,0.00668633500802372,0.0180855571431709,0.0027116336721063,0.00735726107440194,0.0238146195246821,0.0133410402245109,0.0126448361719176,0.00475233631610411,0.00715596020498877,0.00691934289557777,0.00152808187123129,0.000951163670483356,0.0233006932324794,0.0176434886197095,0.00963042187692838,0.0249103277420347,0.00569362369575757,0.00971411326203534,0.0122540435697952,0.0125609421847729,0.0282574077000897,0.0233065887527178,0.0467500648142106,0.0508472557754362,0.0570293969542562,0.0331231524651699,0.0886629383954982,0.148860341006355,0.252157936519128,0.317117949086613,0.151065099099157,0.280824201560304,0.320628903508429,0.231667114575621,0.228382898405948,0.191411277979996,0.137864854753183,0.23993702654211,0.0767874904799935,0.11664237231271,0.200114044510777,0.0577455739419186,0.116208703747233,0.153500398090094,0.13001519049428,0.136569127172107,0.0992512239282136,0.102273232853581,0.144693872977152,0.150005412182587,0.100162300296707,0.10986925721635,0.10414563431526,0.0501605063028959,0.0516388802812173,0.0294229299349331,0.0131863163961054,0.0065210447683945,0.00195587707025269,0.00276469998771172,0.00219796137740266,0.000942001093604592,0.00303562139989905,0.00379593025959666,0.000320099585506895,0.000451438077681285,0.000268273204085361,0.000163396998631271,8.53594561294804e-05,0.000170108631072745,0.00052169080213528,0.00133328065994129,0.000443259502650293,0.000915775068535348,0.00515346800906479,0.000696700649830547,0.000513324891621524,0.000616681284331052,0.00017240827150496,0.00069003283800945,0.000327342692557946,0.000186064950352425,0.00110953083741194,0.000570118724838587,3.95751302937333e-05,0.000202427176273908,0.000245263469340268,0.000242390723069126,9.73981162400222e-05,1.27047719311304e-05,9.17289844000396e-06,8.13400867348229e-06,6.5577696730919e-07,1.10519218540919e-05,4.1232777770765e-05,5.99552676175855e-05,1.26626304626097e-05,2.48790422153177e-06,5.14754339614512e-05,1.99533398314763e-05,1.57557722799935e-05,1.39157082668845e-05,3.83977096521295e-06,1.77105799401325e-06,5.7663797269706e-06,1.27171287027489e-05,2.41012276522179e-05,1.54701261861644e-06,9.86301748883843e-06,1.02343485650367e-05,1.17585662944818e-06,5.21348507542573e-06,9.36543743881773e-06,1.87470802531727e-06,1.612180004192e-06,1.62444015819821e-05,6.74999841678657e-07,1.55463537108763e-05,3.79391685377325e-06,3.79304774384463e-05,3.79391685377325e-06,1.55463537108763e-05,6.74999841678658e-07
0.0063265872095907,0.0138392769618576,0.0140723841405325,0.056251123517286,0.0938744316708223,0.0329829874629755,0.0269706395063189,0.0652104147159552,0.0212921018703456,0.0238146195246821,0.170796279105468,0.226433323987462,0.0281257311406334,0.100255821267112,0.318003138098111,0.0600224945885834,0.0537974967936766,0.224142411378833,0.0514720900535098,0.00867111613014422,0.0639686303618282,0.0882056745243641,0.00809643915265448,0.0312179414164454,0.0252620847092682,0.00706513680771215,0.0157101634043131,0.00911725740606186,0.0142568264657672,0.0401296562058456,0.00952484727954322,0.0374277878232562,0.0430765295573962,0.0369822797078744,0.131289460500048,0.0430171274820006,0.0336303934935723,0.0693921232589871,0.0488029599668245,0.0428373291572004,0.0751305540185798,0.0692644263940212,0.0723810583646847,0.113275830618289,0.0434979321014788,0.0854925704491902,0.116234739851682,0.0368511796569813,0.0984330142963604,0.0987980695880307,0.075528883049585,0.111581488716074,0.104809466154527,0.102176202825624,0.110246960961681,0.116326199672347,0.0849151194070393,0.123414252546841,0.0978280639779044,0.0431432094214731,0.0541301143229335,0.021883530435623,0.0078651416627167,0.00183608994747804,0.00106550350517931,0.00244012406438581,0.0047358804394122,0.00363874368553449,0.00544044517333784,0.00647439797060982,0.00335586146064485,0.00242041506301043,0.000679887171283396,0.000263802626802604,5.35121022698616e-05,0.000223865330415394,0.00173913209089924,0.00089692802544886,0.000266201181430275,0.00407172255988425,0.00382680241408399,0.000806761164591263,0.00066270303317462,0.000396700027543561,0.000367692990465571,0.00028098158974501,2.14445305818513e-05,0.000315730328974031,0.00117218025470651,0.000351335870605309,0.000158505027393265,0.000340951698785229,0.000170642025102284,0.000128041781297592,6.48230224582963e-05,2.01966319270296e-06,3.80754271881132e-05,4.86859159894919e-05,1.44471380955918e-05,5.40418348300231e-05,2.52399440223943e-05,4.51743022756194e-05,1.22137267184128e-05,2.96482529120333e-05,3.46510046791055e-05,1.76829878722476e-05,1.57696198920045e-06,1.38217525585219e-05,8.31412969745032e-06,1.26974650630454e-06,2.10618412359901e-05,1.30777521215668e-05,1.51072835546529e-05,1.26654807285657e-05,4.74087320918475e-06,3.51277936501718e-06,2.06975209196145e-05,2.45478305571915e-05,2.07301230640848e-06,2.19803011740691e-06,5.50959398860601e-06,1.01136996742517e-05,1.24525313371581e-06,4.99875515574452e-06,1.48317243336594e-05,1.48317243336594e-05,4.99875515574452e-06,1.24525313371581e-06,1.01136996742517e-05
0.0140723841405325,0.00429263652342397,0.00198486890943578,0.0345240726125298,0.127078593860301,0.043480258733632,0.0224446695932899,0.132024016974011,0.0246255822731114,0.0133410402245109,0.226433323987462,0.229311908753001,0.00258236164138112,0.279744490338534,0.330797490466074,0.00617724374152539,0.318855160664726,0.420295667987351,0.0364861636773783,0.0266284360694247,0.107127343570113,0.0208015778538262,0.00684089166769232,0.0174525542973938,0.00711896704624416,0.00339108992966456,0.0207126135956224,0.0229738704319869,0.0124786836013563,0.023284687625122,0.0356389950106376,0.0367858037304519,0.0810822617914451,0.156757838571519,0.127338501873088,0.212115806807417,0.124526181150373,0.047968291303727,0.0943829966372922,0.0404566855208422,0.0616747486034658,0.0914331297997945,0.027962978249518,0.077005824824564,0.0613032376238112,0.0155644996681808,0.0507179994046886,0.0346526486748387,0.0250184643124551,0.0518075192362117,0.0229284205260694,0.0385524027688929,0.0275119877577824,0.0326503451787937,0.0775076472788589,0.117836299852348,0.117549989044881,0.0826327909608709,0.0658337867998223,0.0570818139126289,0.00676647334570528,0.00609591786995584,0.00226271981328037,0.000910447641883274,0.000357731255308367,0.00156433262922267,0.00808408220534815,0.00350579803688453,0.00151762917173501,0.00697442586204286,0.00126389978112184,0.000492111200224949,0.000155718455761476,4.24173056349121e-05,0.000127015866543515,0.000442737945272779,0.000200254600465736,0.000265273217357824,0.00111416031481137,0.000276042372607188,0.00100117912824191,0.00140813652595267,0.000420033664909934,0.000148789300199792,4.38579959341704e-05,0.000237180810037996,0.000352540319218802,8.28130023406893e-05,6.62084112092559e-05,0.000201392537355507,4.78517079576861e-05,4.95899110684053e-05,5.92667382149574e-06,4.96174562680706e-05,2.08954183380461e-05,6.61609167464091e-06,1.12790055771845e-05,2.1341508999061e-05,1.64543949237604e-05,2.79288258120334e-05,7.82026661064045e-06,1.35653589303752e-06,6.38040403653758e-07,7.05342472486617e-07,2.74665242892444e-05,1.07725916751198e-05,9.66596265617794e-06,1.96560327933124e-05,5.01819292777135e-06,5.83833254182286e-06,1.66841448152614e-05,1.12099427368058e-08,6.94184871458557e-07,1.86980808084501e-06,9.84210382705109e-06,1.43364156389781e-05,1.46151884391926e-05,1.36913909035101e-05,7.94223891045625e-06,3.16812744847603e-06,8.57453143622959e-07,5.90150649332062e-06,5.06388865849865e-06,1.12131084917912e-05,3.09442365647939e-05,1.12131084917912e-05,5.06388865849866e-06,5.90150649332063e-06,8.57453143622958e-07
0.00198486890943578,9.48237124798863e-05,0.00442089962294819,0.021303542822821,0.0965133442971479,0.00606985807078789,0.0201237268851796,0.0548307725336273,0.00365686527051351,0.0126448361719176,0.0281257311406334,0.00258236164138112,0.0604361759232686,0.0215585180569048,0.0454939113506777,0.120174235047545,0.038211891111048,0.0187293332628683,0.17916185892297,0.0251072226239494,0.0160059631755038,0.0738056708264852,0.00896363205551868,0.028814806864023,0.0193482412860171,0.016639798058927,0.0914707140077901,0.0490438234124665,0.0498960430904581,0.165908810680231,0.153915345224018,0.274986890970827,0.614087514491508,0.290082094916555,0.535417751128536,0.299878308758516,0.0648602952740128,0.281236974335796,0.265403225979728,0.127806974948052,0.271688931197152,0.182553102807777,0.175500363749171,0.619349323665367,0.23223467446575,0.198708298267364,0.372670782970195,0.199717707789915,0.30475813107909,0.278024019803924,0.141450226723959,0.170295488840214,0.184036983808151,0.128992562411223,0.386972032611766,0.354546009649119,0.120732954535937,0.247284834267303,0.145458602394247,0.0237890438169788,0.00669992224868414,0.00122911770120812,0.00206603857181389,0.0028596661847741,0.000910521848100458,0.00879825941555955,0.0217000976348674,0.00234247007274828,0.0339209755198855,0.0624072806311082,0.00407146149984826,0.00305641564439615,0.00104992345364355,0.00106877827482148,0.00323549923186256,0.000863009574249277,0.00153051850250399,0.00631483085370661,0.000977009513872222,0.000863852584868437,0.00398359696087885,0.000591525330469245,0.00046801016843303,0.000237407266110737,0.000585602014548756,0.00244940395404669,0.000779882969913435,0.000290100146210282,0.00303482284670572,0.00164212799078856,0.000624032713154514,0.000299139904918526,0.000191140188445475,0.000113336443592144,7.15850689648694e-05,2.1993883338655e-05,7.62171208759946e-06,4.6220121007219e-05,2.26152899675957e-05,1.30256534756523e-06,2.70255763648449e-05,4.27807055512816e-06,1.45425525630881e-05,0.00010323848907133,1.2218895435108e-05,9.89969526621847e-07,1.7909084018745e-05,2.86595786531413e-05,3.14378078621065e-06,1.98484737560772e-05,3.37066411916944e-05,4.77829607563603e-06,6.18676951758253e-05,3.07228532301805e-05,3.55237598745199e-05,9.09381413689258e-06,9.51363533190969e-06,5.533224176556e-06,6.01838932977132e-06,2.71189580137958e-05,2.76935300597826e-07,2.25916571125197e-06,3.18153519376764e-05,4.36597368048766e-05,4.36597368048766e-05,3.18153519376764e-05,2.25916571125197e-06,2.76935300597825e-07,2.71189580137958e-05
0.00442089962294819,0.00114812715962375,0.0044671293671862,0.0677026635299574,0.130189381106898,0.0528693229620664,0.0283654257299292,0.0746065723980063,0.010150218019847,0.00475233631610411,0.100255821267112,0.279744490338534,0.0215585180569048,0.299611637639483,0.326667710525914,0.0749789851904734,0.00566146349654377,0.0221818948238235,0.0123299498343797,9.22152610756079e-05,0.0280604243724787,0.0424220311173109,0.006240890789323,0.019881694693519,0.0197467066755539,0.0139426825341152,0.0360141171470857,0.0194223062938934,0.0222247430339789,0.0585429880851882,0.00749443526602033,0.115981440428252,0.0409263961557678,0.0265239647766497,0.0676056049667326,0.00192540226849159,0.0209686537724089,0.101537266295436,0.0425523946953133,0.0641549458501328,0.0713800177689458,0.0282978050516757,0.132995201220775,0.135951809469638,0.0425478904741097,0.100386348834067,0.0883393396096848,0.0490107344501595,0.0717403795844924,0.0376105313360184,0.0550188258589299,0.0430751896333249,0.0460592029384521,0.0550393630644253,0.166001002075739,0.08250647287723,0.0641197193715485,0.0867665703135179,0.0349960492124354,0.00680632770271986,0.00029648136448963,0.000233498160386507,0.000486546985561658,0.000457006453993398,0.00024659719953881,0.00600060716611029,0.008789568315502,0.00416967634983773,0.0195324973634671,0.0150052985882385,0.00726703361401649,0.00291663219226255,0.000574960428184361,0.00122456602881172,0.00117826299815975,0.000196246077825731,0.00171125730638375,0.001773056238267,0.000432803337104181,0.00157733046672218,0.000757715186577441,0.000142927446954944,0.000284536150567804,8.17715266930665e-05,0.000384304410836287,0.00064810324455588,0.000150049518734707,0.000360862775749883,0.00161433434701667,0.000514093792498224,0.000341363715491085,8.81613181999153e-05,2.03087977990423e-05,8.88063373906837e-05,3.31260280558068e-05,2.2654938201853e-05,3.07311875429089e-05,4.31407527204668e-06,5.60157007236405e-08,8.03395427145533e-05,5.61899483236875e-06,7.78354001023466e-06,4.43739139523108e-05,3.97885553483153e-05,1.78281779860251e-05,1.41211848831726e-06,1.23358695150483e-05,1.94317937889237e-05,8.372261080307e-06,2.71547218239442e-05,1.42853637910833e-05,2.42415800141312e-05,1.42957312932955e-05,3.79267786074602e-05,1.70713687089493e-05,7.64239434637457e-07,7.40319319957894e-06,5.90500085974223e-06,9.52057817593505e-06,7.09967920127934e-06,8.83065584587578e-06,9.21949730011071e-06,1.95619607504534e-05,1.37451000707516e-05,1.95619607504534e-05,9.21949730011071e-06,8.83065584587577e-06,7.09967920127934e-06,9.52057817593504e-06
0.0044671293671862,0.0030078742864154,0.0148759894483388,0.0747255567656759,0.172864681975686,0.0422760655366833,0.0363732672547575,0.0889084986457754,0.00308725435242585,0.00715596020498877,0.318003138098111,0.330797490466074,0.0454939113506777,0.326667710525914,0.361465521231161,0.00975478704654204,0.0755765015839218,0.12548144007782,0.0124737807263664,0.0129839581506954,0.0281497901297513,0.00633311080677405,0.00173255478890942,0.0230264736931652,0.0105168656193703,0.0139415721291623,0.0628616989275147,0.0184350123692756,0.00990893340152973,0.0203176225412567,0.0134902019898829,0.00957333758653053,0.0137065341917886,0.0177821376646645,0.0281954727840162,0.0300219333703532,0.0212794331887258,0.0169745688683375,0.0450052606928344,0.0439016547271891,0.0322604827281247,0.0341444665769599,0.0462927304106918,0.0444501932689152,0.0274809211492326,0.0278184067572948,0.0458607259345762,0.0255284907018517,0.0316903311158707,0.0456292117935848,0.0335028222667411,0.0734951710914234,0.0794258401399933,0.0705888109366161,0.0583320235900517,0.0748536519149727,0.0472370213065814,0.0156307773715375,0.0143562637157367,0.00158533641088177,4.6998418650528e-05,8.07521439719177e-06,0.00056625561237928,0.0006679669362552,7.35929026893312e-05,0.00406640457041971,0.0124666656729693,0.00716106896279103,0.00255511457557358,0.00618827655041361,0.00231736926625351,0.00139472453102237,0.000393696944349601,0.000358527797437253,0.000118253656154689,0.000213528215571072,0.000273212059111833,0.000492300197777657,0.00101079019002059,0.000340565896031265,5.57284758081201e-05,0.00026035613108359,3.93721308278015e-05,0.000164212428151645,0.00012281976041692,7.30662360329679e-05,2.75957653912933e-05,0.000107241241506613,0.000214303443492924,0.000285144424057409,0.00015445608716176,8.52109974231601e-05,2.71075932776566e-05,0.000104960724248823,3.16682606528095e-05,4.34284095534943e-05,0.000140774833710363,3.39767283202654e-05,2.83241150732997e-05,2.91284706017588e-05,1.71855651264068e-05,0.000188800131129844,0.000196362626439907,0.000126744643508133,2.37076770594346e-06,7.82648001307471e-06,8.61188105683917e-06,4.93892743908848e-06,7.01465525664004e-05,8.79375780384466e-06,5.89321915813504e-05,0.000145869012411222,0.000139574563640982,3.43844274975189e-05,1.75935375804859e-06,3.95485941560008e-06,1.51872491243849e-05,9.97632903540708e-06,2.33773822149342e-05,2.6447020072989e-05,1.75915998783785e-05,1.59451079553441e-05,8.92647263999538e-06,8.92647263999538e-06,1.59451079553441e-05,1.75915998783785e-05,2.6447020072989e-05,2.33773822149342e-05,9.97632903540708e-06
