0.00437954098134252,0.00399160630883115,0.00399160630883115,0.00437954098134252,0.000234040944043086,0.00332404591453921,0.00151460814783364,7.28693692232657e-05,0.000287849643088823,0.00254165701959827,0.00336626146548827,8.4596099477826e-05,0.00147147632488545,0.00046887226090623,0.00489349536146515,0.00102709783359248,0.000123871150333716,0.00482795795284723,0.00123474984682244,0.00402018150887063,0.00497953017570838,0.00787199398580195,0.00882794878970147,0.00401669060168898,0.000778085030167902,0.000294472806473688,0.00025653810760201,0.00360165533103155,0.00309998114779839,0.00486108002619072,0.00323707349922446,0.00358631224478738,3.74497501469323e-05,0.00195391167350277,0.00469229186628837,9.25378940293199e-05,0.00194807734056567,0.000227914127582944,9.93563638442142e-05,0.00121381034497683,0.00599755783010783,0.0057307562384086,0.00290645386834842,0.00181872516301066,0.0118478274063698,0.000422267110759569,0.00291642466977967,0.000444267347115498,0.000940841965446411,0.00308111605622082,0.000543308141300322,0.000278408069420595,0.00588768625357224,0.00247905904751131,0.000944286049758,0.00160364957008444,0.00305300151584401,0.000566140802232305,0.00682245220102533,0.00385918593387529,0.00160206767544879,0.000331250540313521,0.0048809644541634,0.00184461423320701,0.00290288921264542,0.00125110766655886,0.00490249818835686,0.00744659285089308,0.00687842518880441,0.00206494539926759,0.000479219919141308,0.000546218658331529,0.00207879302806148,0.00259561095120152,0.00132051638363217,0.000738457032471384,0.000328711541968157,0.0019023215818529,0.000653002617041542,0.00150783784312252,0.00132106878021713,0.00161815487786914,0.00849022573238306,0.00879647103685477,0.00322229506572273,0.0047904531383419,0.000629384552756417,0.00247700613259075,0.0036490575795302,0.00124144583643941,0.00267853298536587,0.000644637861596813,0.00157514603500603,0.00513251249740497,0.00440116305561299,0.0068925915844977,0.000723613077466042,0.00117779266857578,0.00206129512557705,0.00580113995428646,0.00792430669045532,0.00638965033798161,0.0096662039310961,0.00714763431775323,0.00224000480489862,0.00106392009380991,0.00369646184472492,0.00318797596977623,0.0116968319812561,0.00923774603043419,0.00458591756341444,0.002152533589454,0.00159815174753849,0.000732254089119866,0.00101109033871372,0.00370395956088637,4.47693290226676e-05,0.00587747203163401,0.0089747340529794,0.00829927654393768,0.00761035133114301,0.00871806959096364,0.00106781757359511,0.000569761726156911,0.000691738536066055,0.00135889796655187,0.000633271049595225,0.0010717206121645,0.000316213332978941
0.00399160630883115,0.00684220013594964,0.00399160630883115,2.03729472832585e-06,7.6486689527381e-05,3.71740316169819e-05,6.25566468279693e-06,0.000269934882332083,0.000193179513171739,0.00817298449585886,0.00312374262758699,2.95992626921984e-05,0.00170979507715715,0.0104809657085981,0.00440711395714629,0.000193589532313848,0.0162208824392111,0.00602076731348558,0.00462405519450517,0.00397129439356763,0.000518893423937224,7.56686384144195e-05,2.77332482004946e-05,0.000664208852169007,0.0025715169215492,0.00480105023394954,0.0104440561808909,0.00087103868197628,0.00799110981860006,0.000661309256303183,0.00788010704452584,0.000419781280439289,0.0028459046790383,0.000208704782581994,0.00107791472816073,0.000825285897377111,0.00180811711687562,0.000121034569191417,6.32690010598888e-05,0.00186447525439126,0.0120764668308348,0.00539540298375117,2.67938554792763e-05,0.0125608423146214,0.00211343884969334,0.00997271257350511,0.000364199040685227,0.000903300181522786,0.00206395857480744,0.00230868572932731,3.56097756516545e-07,0.00390376356578123,0.0141207040231423,0.000314535050399341,0.000175177561314858,0.00203819349361537,0.00122889594616787,0.00461988481782624,0.00717598199882657,0.000264361894635942,0.000457247139866292,0.0015078550151202,0.0109649865261914,2.97962588884418e-07,4.91831014636885e-06,0.000505109726714316,0.00561126793511637,0.00806945431477964,0.00339249324529102,3.32570319185025e-05,0.000979144851255958,0.00121214454572795,0.00361065588142333,0.0017464244966788,3.28687584816926e-05,2.44504561139976e-05,0.000447122526818267,0.00107300483726836,5.52030988261917e-05,0.00398135645061052,0.000108380109623351,0.00339693320525575,0.0126152909479215,0.00606061243203572,0.00139505649253649,9.57879762538888e-06,0.00221599531371167,0.0013048975109431,0.00067941298577188,0.00140094100269168,0.000952371254046055,0.00177143125130085,0.00564283867113528,0.0082112067310725,0.000449373115510538,0.00333665083657527,0.00312837788746211,0.00115572582423567,0.0034726863716889,0.00862725003190688,0.00711083217172513,0.00914322121715498,0.0185117419147899,0.00507034868622501,0.00187753608516003,0.000157142247779364,1.35282999004746e-05,0.0077283622992256,0.000834442230716359,0.00014494077713928,4.19660531844847e-05,6.29751676007226e-05,0.000817089477141595,0.000215360101618529,0.000102030629597649,9.61250400909176e-05,3.32517831062044e-07,0.00972308913588867,0.00800465237819831,0.00508846183967506,0.0141644556473057,0.0110705906619348,0.00184322150173585,2.7721849578035e-07,6.88767216941938e-05,0.000226299513678398,0.000668030302258057,0.000101895297398661,0.00577969780549034
0.00399160630883115,0.00399160630883115,0.00437954098134252,0.000234040944043086,0.00332404591453921,0.00151460814783364,7.28693692232658e-05,0.000287849643088823,0.00254165701959826,0.00336626146548827,8.4596099477826e-05,0.00147147632488546,0.00046887226090623,0.00489349536146515,0.00102709783359248,0.000123871150333716,0.00482795795284723,0.00123474984682244,0.00402018150887063,0.00497953017570838,0.00787199398580195,0.00882794878970146,0.00401669060168898,0.000778085030167902,0.000294472806473688,0.00025653810760201,0.00360165533103155,0.00309998114779839,0.00486108002619072,0.00323707349922446,0.00358631224478738,3.74497501469323e-05,0.00195391167350277,0.00469229186628837,9.25378940293199e-05,0.00194807734056567,0.000227914127582943,9.93563638442142e-05,0.00121381034497683,0.00599755783010783,0.0057307562384086,0.00290645386834842,0.00181872516301066,0.0118478274063698,0.000422267110759569,0.00291642466977967,0.000444267347115498,0.000940841965446412,0.00308111605622082,0.000543308141300322,0.000278408069420595,0.00588768625357225,0.00247905904751131,0.000944286049758001,0.00160364957008444,0.00305300151584401,0.000566140802232304,0.00682245220102533,0.00385918593387529,0.00160206767544879,0.000331250540313521,0.0048809644541634,0.00184461423320701,0.00290288921264542,0.00125110766655886,0.00490249818835687,0.00744659285089308,0.0068784251888044,0.00206494539926759,0.000479219919141308,0.000546218658331529,0.00207879302806148,0.00259561095120152,0.00132051638363218,0.000738457032471385,0.000328711541968157,0.0019023215818529,0.000653002617041542,0.00150783784312252,0.00132106878021713,0.00161815487786914,0.00849022573238306,0.00879647103685477,0.00322229506572273,0.0047904531383419,0.000629384552756417,0.00247700613259075,0.0036490575795302,0.00124144583643941,0.00267853298536587,0.000644637861596813,0.00157514603500603,0.00513251249740497,0.00440116305561299,0.0068925915844977,0.000723613077466042,0.00117779266857577,0.00206129512557705,0.00580113995428646,0.00792430669045532,0.00638965033798162,0.0096662039310961,0.00714763431775323,0.00224000480489862,0.00106392009380991,0.00369646184472492,0.00318797596977623,0.0116968319812561,0.00923774603043419,0.00458591756341445,0.002152533589454,0.00159815174753849,0.000732254089119866,0.00101109033871372,0.00370395956088637,4.47693290226677e-05,0.00587747203163401,0.0089747340529794,0.00829927654393767,0.00761035133114301,0.00871806959096365,0.00106781757359511,0.000569761726156911,0.000691738536066055,0.00135889796655187,0.000633271049595225,0.0010717206121645,0.000316213332978941,0.0012839016565148
0.00437954098134252,2.03729472832585e-06,0.000234040944043086,0.0120154891155545,0.0237526105152705,0.0103884529725974,0.00950883451077532,0.0100546445474952,0.0026046688895326,0.0100668670600407,0.00807694126245429,0.0282870307977198,0.0249671318034116,0.0119422124210356,0.0465181559767429,0.0296598620309,0.00638633971427589,0.0361818878621531,0.0181508037055445,0.00825551433423421,0.0275149375202474,0.0165421955718773,0.0130690937042789,0.00861542369529625,0.00784121195055645,0.0151554232109716,0.0165573948638506,0.0202841424256309,0.0189439855435178,0.0135288039123833,0.0306341140294629,0.0161287607286793,0.0289722957580378,0.0276412314714445,0.0114508865958349,0.0121985030842643,0.00776489300437485,0.00936328055768237,0.0078646542260004,0.00790914675017594,0.0190400363145155,0.0144229927409373,0.00932628460578388,0.00935424234404321,0.00883468392766545,0.00474833372423622,0.00258549916273005,0.00342714379911305,0.0057006011670102,0.00858113959922807,0.0134201582730132,0.00341998819680841,0.0023475009317855,0.00170989829865493,0.000682379217313765,0.000461814176191259,0.000952587429698358,0.000579209528465252,0.000466328457287783,0.00269608473453096,0.00384304686961819,0.00114413105303455,0.00223104701525491,0.00114111990049631,0.000196583343683254,0.00110974093224521,0.00189605042371087,1.98654983380296e-05,0.000717676326860101,0.00212220791709993,0.000953011319083724,0.000279034807744282,0.000185357812587728,0.000366820412741903,0.000132332249375205,9.2725511236114e-06,0.000193538101458874,0.000283036197968529,3.95752034512165e-05,5.4342382776823e-05,2.62680809291329e-05,8.83844219341766e-06,4.7335145599073e-05,3.72052529711387e-05,4.29494915039202e-06,8.94633878946474e-06,3.12627620097964e-05,6.59381146882591e-06,4.35872204498694e-05,0.000277064312993708,9.14560407240647e-05,3.40705127291392e-06,1.08245382391678e-06,1.98381562168572e-05,9.00822293281696e-05,0.000343084937453961,0.000242113929667196,0.000119556418474046,8.45055806849686e-05,3.3533687867556e-05,3.78367847655511e-05,3.25268247796589e-05,4.71525837009986e-05,0.000149651234479361,3.40187106567529e-05,1.86284511803076e-06,4.17786596333064e-05,0.00014641137141884,0.000138335884822138,0.000127366615492953,4.85145806115837e-05,4.78458545904609e-05,5.49473371708742e-05,6.45622489393059e-06,0.000166055262107214,0.000189003555673701,2.76374603374251e-05,3.38410575072631e-05,1.00717806289465e-05,7.58031206510154e-06,3.85133424627758e-05,2.58878390914362e-05,0.000132826870224785,0.000219992372961064,0.000129649114891884,5.45321262745546e-06,7.54226205890491e-05,0.000125057103557557,0.000569520791118791
0.000234040944043086,7.6486689527381e-05,0.00332404591453921,0.0237526105152705,0.0649274104657651,0.0208549305163163,0.00946633257159643,0.0257410667258128,0.00794838184457248,0.0142515300179855,0.0599073372640651,0.0749307277961573,0.0379234698923333,0.0830171508462246,0.0765508114168395,0.0256647994675866,0.0408069523219835,0.0362723329829749,0.00904570551476409,0.0148334168862646,0.0290050740415604,0.0127871860419347,0.0198649224963734,0.034845290314177,0.0359866578279208,0.0310319622574637,0.0455673564674483,0.0583711665795628,0.0388830485459848,0.0202239208768721,0.0328802174843371,0.0243109965951797,0.0238538357606434,0.0214148539785485,0.018383022573568,0.015373184421567,0.0352542260943128,0.0308592373912876,0.0278786261106019,0.0507694203389032,0.0380657382199449,0.0242549358359417,0.0370350186922262,0.0254828743131565,0.0221591012062767,0.0256148942214124,0.0293081665304528,0.0172085281131603,0.0319892578962529,0.0575093896171035,0.0295000328833532,0.0135016117262652,0.0141449070866309,0.00538711619545257,0.00520297248186996,0.00986957601668251,0.00621278890539383,0.00424902537038674,0.0120156766942165,0.0334845672355734,0.00981858422477213,0.00471233236502153,0.0120644031729093,0.0047079647809764,0.00362142683517241,0.00936978691256042,0.00689804104382443,0.00259046217804011,0.00450064467123909,0.00307412707831283,0.00383382496483553,0.000720942534647209,0.00158956963567388,0.000680949379821993,7.42822622308473e-05,0.00061638379459623,0.000492239664277612,0.000403237903176864,3.06796527122637e-05,5.6170484667326e-06,2.21863380654882e-05,8.03738270949413e-05,1.46065075597859e-05,9.50530982077681e-05,5.13475750681182e-05,1.1821286964384e-06,8.19546891733259e-05,0.000136206095503951,6.20650064182121e-05,3.83300857095718e-05,5.9642472840535e-05,2.56086981458423e-05,6.30887229438009e-06,2.37532085166944e-05,2.23146366335724e-05,0.000219076469012477,0.000475777802268798,0.000553923293005616,0.000428940880695526,0.000137256573017206,8.927151967932e-05,0.000165562815486446,9.09190405670097e-05,9.04646710396247e-05,7.13768322805209e-05,9.99407076886337e-06,1.49521967534839e-05,6.97478515968488e-06,4.13179631869913e-05,4.0534288246621e-05,2.05645517907771e-05,1.42253298559115e-05,0.000156659022168316,0.00014011804024538,0.000113739139032928,0.000434161316735315,0.000187989705558691,1.3527830269696e-05,2.91185349948491e-07,3.70161968914262e-06,1.44102941485576e-05,9.14722459156303e-05,6.44933864604756e-05,7.10088219743215e-05,0.000202358118295586,2.79861764749452e-05,0.000110027125163663,0.000962823733440968,0.000962823733440968
0.00332404591453921,3.71740316169819e-05,0.00151460814783364,0.0103884529725974,0.0208549305163163,0.00112186403801019,0.00273909792755832,0.00794168167625326,0.00154914273697561,0.00419740477896298,0.0233591689531048,0.0176743097159929,0.00622023866325597,0.0296107876521434,0.0148280867957018,0.00461754524416873,0.00974977389869634,0.00161029009879963,0.00175914786421548,0.00699218378332711,0.00630911031963674,0.00109994930090888,0.00522868084513005,0.0171000091273056,0.0107577105500305,0.00743037259780968,0.0119404035958373,0.0166762864803612,0.00309339318295442,0.00620042163376921,0.00688992052250681,0.00600054585649684,0.00553425618907289,0.00693783539139945,0.00255006191524202,0.00654884006756068,0.0152528595675235,0.00724155755589635,0.00811545118150973,0.0109924669584959,0.00206102522010352,0.00558814114614125,0.00480771713257185,0.00505205977075705,0.00483704416175686,0.0101554228033181,0.0132257939298846,0.00291084230880187,0.0089366342334735,0.00873263083670305,0.0019685631476519,0.0041221478378447,0.00459822658168315,0.00225051107897913,0.00278103552828931,0.00651330486740571,0.00274317440430321,0.0012161941657628,0.0113544935593988,0.00252370774632011,0.00123849618795861,0.00504098512303555,0.0027588468586739,0.000971207426735893,0.00324796300249711,0.00195226323584035,0.00140118295724916,0.000723776519738271,0.000216785724770619,0.000443161266596336,0.00119069068668883,0.00280926578263004,0.00223410690710377,0.000296922031343662,0.000408278781704555,0.00107459984965946,0.0011743051147307,6.5912853899549e-05,0.000120086909028421,1.96033542464932e-05,0.000116924667448606,8.89564209696183e-06,0.000219733701159809,1.39800544048162e-05,6.07588128039938e-05,1.94533908352087e-05,1.78251313837589e-05,9.14623813520322e-05,4.83299399685782e-05,3.9869565708208e-05,0.000182995095015397,0.000148951904604217,0.00013821218043824,5.42203745427149e-05,6.85323296357682e-06,0.000169874523682555,7.80999025107923e-05,0.000790866741424571,0.000560377586472614,6.91882744307266e-05,6.48974948071673e-06,3.21957764534473e-05,0.000117592444178886,2.0327686841843e-05,0.000127015409241196,2.52862559417108e-05,3.91031828048971e-05,0.000102952338250209,4.93154324593193e-05,1.55415545195461e-06,9.97886193937954e-05,0.000393173703095151,0.00012107561104632,1.33005371543505e-05,0.00040499616507077,0.0011942335114394,2.62040129164999e-05,8.28140114388164e-05,6.0914420282752e-06,0.000359782793917451,0.000217331923631516,0.000108161410990576,5.58943330764003e-06,2.16247310404596e-05,0.000300700904431315,0.000182316107712579,0.000235020190093505,0.000657583697177902,0.000235020190093506
0.00151460814783364,6.25566468279693e-06,7.28693692232658e-05,0.00950883451077532,0.00946633257159643,0.00273909792755832,0.00430070337254158,0.00349459180093635,0.00204534800324334,0.00511515626807301,0.00521550042051193,0.0147874515795981,0.0127752091064488,0.00668798488862771,0.00902129756209869,0.00677740428307996,0.000656564946783153,0.00312578331873931,0.00367907047317935,0.0081986844227052,0.0111276353838907,0.00428876795889916,0.00302266487055376,0.00335330564126927,0.00358438668880423,0.00528849127494191,0.004095833461409,0.00676397070234779,0.00431232568114126,0.0110603514931811,0.00947843732697109,0.00420107578154605,0.00642158885561353,0.00493292637536846,0.00384707287880002,0.00442493170388857,0.00710042696613261,0.00651937550535024,0.00218605314739607,0.00100837471765099,0.00358830490339813,0.0027118552227205,0.00248047248299787,0.00339996262582174,0.000605644485816592,0.0022900926457449,0.000962665581057272,0.0005990258217196,0.000704261966406831,0.000597578640971547,0.00179021886881342,0.000310351353687677,0.000329111972038072,0.00069990318480698,0.000477086839039957,0.000413120037432683,0.000431376508429424,0.000325617823078585,0.00038417078410564,0.000610283361649258,0.000414402540056468,1.66876356830856e-05,0.0012449755525857,0.00186951379167337,0.000352525716579471,0.000282312360893647,0.000533947965733494,2.59887118380874e-05,0.000169069126042616,6.37925166289005e-05,0.000188020736381635,0.000613366508227967,0.000285998355886537,0.000136090639498333,0.000204405998666481,0.000533575803048369,3.75512143675271e-05,3.76140659133595e-05,7.64306195377586e-06,2.16044839592713e-05,8.78457446758309e-05,5.38983742802891e-05,4.65274117730283e-05,2.25159629513348e-05,2.87302891863326e-05,4.06377519501019e-06,5.20121147557834e-07,2.2384958557122e-05,1.43414844954316e-05,2.72072159401726e-05,3.33600111119618e-05,7.78336174281166e-05,5.00893929300284e-06,1.06710929537417e-05,3.39332024997829e-06,2.33918697737738e-05,0.000168455691866967,0.000147250664771446,0.000103698193570887,8.27742904987277e-05,1.74795410885356e-05,2.3230402036411e-05,3.59817724977993e-05,3.04902819761734e-06,3.42501645478561e-05,1.41627301119708e-05,3.67194430030814e-06,1.50947967038068e-06,2.46700395591149e-05,3.55055638470783e-05,0.000192973590909863,2.95271114446597e-05,1.09035979678786e-05,4.42040992095988e-05,8.05535871993375e-05,1.65106163188765e-05,2.14238364970294e-06,5.13880274567367e-06,0.000103688784792767,0.000152643798488023,4.70457569919946e-06,9.25885535223029e-07,5.59200691311743e-07,1.88550858860327e-06,3.50148006759906e-05,0.000106307964937098,0.000155817400252112,0.000155817400252112,0.000106307964937098
7.28693692232657e-05,0.000269934882332083,0.000287849643088823,0.0100546445474952,0.0257410667258128,0.00794168167625326,0.00349459180093635,0.0202181704993807,0.00701557874781528,0.00643390322660932,0.0551700551614069,0.0435702487877854,0.00892815888935073,0.0380601664935659,0.0364972466686043,0.00766970176631427,0.00794890939831432,0.0129230857470637,0.00350170151019458,0.0234925441657506,0.0492983137249883,0.0154187801079361,0.00587832917544369,0.00993965967544407,0.0085436277867399,0.00770512516110781,0.0138529289672379,0.0189828270982754,0.0113387810283826,0.0203844248905427,0.00776328949625736,0.00248126436344927,0.00322514568114681,0.00690551888754726,0.00747622459100092,0.0118134654864852,0.0379617598603174,0.0207094473819494,0.00978036927678622,0.0367699959756507,0.0320724856507671,0.00648575259655184,0.0398255995285906,0.0422093482846389,0.0197196265018805,0.0330663823070405,0.0164513729439397,0.0071790657704337,0.0135379494408484,0.0326827314440602,0.0210204275255699,0.0108379967321071,0.0340626080588237,0.0203842123280938,0.00336206760458233,0.00958088129434832,0.00936854332727454,0.00173718302533756,0.00549494887150594,0.0116566932101764,0.00510948410231758,0.0108496093163155,0.0476512096433284,0.0168440784117969,0.00181287112915153,0.00368969083640376,0.00142143880944241,0.000353798525744212,0.000737070947977718,0.000137564752856073,0.000101013276970756,2.70421300664138e-06,3.87856205447896e-05,6.08444275353578e-05,0.000148668134398595,1.67168637730353e-05,7.29638135686414e-05,5.78360643190662e-05,1.69804721597788e-06,5.54730109454469e-06,4.63689989150158e-05,2.5907885608133e-06,1.0918321964682e-05,3.07353536231236e-06,6.18997821947724e-06,1.41605763515486e-05,3.05245590933388e-06,4.60571789831555e-06,2.86823811682023e-05,1.69451899083598e-05,8.26393257407257e-07,1.80074765583125e-05,1.67368328122848e-05,3.99176286551122e-05,2.50104201377347e-05,3.20003788387056e-05,3.14020652071364e-05,2.47503084621629e-05,7.203814583436e-05,4.92782957614244e-05,8.13026220609131e-06,3.99677996857926e-05,5.31089288151089e-06,4.30200370427983e-07,4.88666112802623e-05,5.92606653940865e-05,6.80703722044753e-07,2.94343799338907e-05,7.45485654367638e-05,2.24580945976473e-05,1.5029889450067e-06,1.70529583966455e-05,1.878260794307e-05,1.67039665119986e-05,7.50508663780566e-06,3.5991735282036e-06,3.24384385013876e-06,4.10769613197499e-06,2.03094685234488e-05,4.32167260270834e-06,1.29403589308802e-05,7.17759753544051e-05,8.39184896208132e-05,3.75130723301355e-05,0.000139869728829866,6.79197925829136e-05,4.38481091499727e-05,6.79197925829136e-05,0.000139869728829866
0.000287849643088823,0.000193179513171739,0.00254165701959826,0.0026046688895326,0.00794838184457248,0.00154914273697561,0.00204534800324334,0.00701557874781528,0.00122858848613207,0.0230359981080772,0.0211611958335844,0.0115777031136594,0.00835308547252315,0.0150984941226866,0.00606370221210027,0.00622324586485454,0.0187401838123328,0.0142956361615484,0.00457877865544433,0.0123575423887657,0.0159229091686122,0.00541217887039299,0.00414049920827239,0.0084587818515822,0.00444686146737168,0.00911991300166297,0.0182196519182827,0.00574010912168371,0.00601617687365822,0.0039522788364523,4.41348971684674e-05,0.0013571032641612,0.0010448302650848,0.00984781490802271,0.0046389457582341,0.00255734217469616,0.00943645038414306,0.00319028940339871,0.00835991641696265,0.0156245794249557,0.00425576923449796,0.00767876309446775,0.0322622036464008,0.0291894216433612,0.0105214622663662,0.00911288310246037,0.00585848142215652,0.00198266709523612,0.0103465821353697,0.0136587591762546,0.00441512928245112,0.0145375867801743,0.0270608991217128,0.00953116333843131,0.00229873159610783,0.010506258301453,0.00253894103435937,0.00106328716715808,0.006967925199923,0.00474251790511927,0.00341122973089861,0.0148306896801673,0.0254397176310268,0.00482817433661501,0.00178648723630419,0.000822145013678032,0.000422232386039486,0.000211075865370274,0.0002982168822565,0.000179116362123702,0.000153854830585623,5.05148812778009e-05,0.000120225718033155,0.000109385624721826,1.2853593797717e-05,8.52924920850955e-06,1.8728080930799e-05,3.36722978836205e-05,1.63091471260393e-06,5.98147006932252e-05,3.83350465187653e-05,3.22351898409219e-05,8.53682116871657e-06,5.69609270444942e-06,1.72608757838726e-06,2.40674009163637e-06,8.07093684653279e-06,5.20105159139383e-05,2.27659384614371e-05,3.33857324264839e-05,1.29852039151421e-06,1.53333733265247e-05,0.00015433867061809,0.000166691805251892,0.000270349368906058,0.000148754494110473,2.52696760787315e-05,2.5973477351795e-05,7.2101887654087e-05,1.77551202582996e-05,3.83260736073893e-05,1.16537613428915e-05,5.6365129496538e-05,7.12774458970917e-05,1.32175095880526e-05,1.10699495712129e-06,1.22945111811103e-05,2.75863848508615e-05,1.65261906224202e-05,4.52418998642546e-06,2.05107353796472e-05,2.83919738040708e-05,1.85553041187479e-06,7.72598517913066e-06,3.3630454020986e-05,1.31415154133205e-05,2.84043516605334e-05,5.40571181098331e-05,1.45680950615884e-05,6.58400513348888e-05,8.50473803451764e-05,0.000150048076899439,6.53291970548808e-05,7.49506023280424e-05,0.000123892780189605,1.37715781068064e-05,1.37715781068064e-05,0.000123892780189605,7.49506023280424e-05
0.00254165701959827,0.00817298449585886,0.00336626146548827,0.0100668670600407,0.0142515300179855,0.00419740477896298,0.00511515626807301,0.00643390322660932,0.0230359981080772,0.044778457187822,0.00559173093404718,0.0166953374350487,0.0189925695227808,0.0015741640905671,0.0077201200214953,0.0101390681176844,0.0251664449192942,0.0395121872078732,0.00625384650925296,0.00390294901956149,0.00938094821327737,0.00093879974489138,0.00659275449363966,0.00610372817559191,0.0106302189848101,0.0198113581485395,0.00472354481930346,0.00381227749666063,0.00372248336376689,0.00300611456358108,0.00472750584304574,0.00104032093472539,0.0124628064432104,0.0290644494730395,0.00740944535996856,0.0104760020742435,0.00591129502375692,0.0011985113116939,0.00147658233898998,0.000166831275640849,0.000190024396075917,0.00124493128153889,0.00169181940370586,0.00182661955510339,0.000460307366076344,0.00189215146692211,0.000869652754422333,0.000119773453214582,5.02167103286438e-05,2.78930218307789e-05,4.06671592843892e-06,6.42396957202083e-05,0.000264181115307769,8.96861103023205e-05,0.000163390209830543,9.28829693526192e-05,8.09836663619543e-06,5.13901118069918e-05,0.000120300820715598,7.9457985219587e-06,5.77143796173129e-05,0.000115711251610269,1.70855436410046e-05,1.78258788780202e-05,1.6610909447096e-06,1.85876374988125e-05,1.25741728189213e-05,1.68144444672053e-05,6.56060545120354e-05,3.44366372785084e-05,1.56631150680068e-05,1.00722589308634e-05,6.71382768865069e-05,1.39975574492227e-05,2.48528303114768e-05,8.58303048011777e-06,3.02666631365912e-06,4.57627952543022e-06,1.38372682618627e-05,4.22397703049445e-06,5.4479515900701e-06,1.1067698276704e-05,4.77304359810967e-06,2.31512122089351e-05,3.50809125815315e-05,7.82613296027942e-06,3.60392337396233e-06,1.33652517073415e-05,6.75985401180088e-06,1.18141842106192e-05,5.26579337821733e-06,5.2676021133154e-05,0.000151332755696205,0.000136860076456,8.79095763031299e-05,7.28772224861775e-05,3.00241661934803e-05,1.39486844107956e-05,1.93902040291911e-06,3.35535811089363e-05,1.55075554035961e-05,6.56442458158597e-05,0.000136045208966204,3.57307731641519e-05,5.14649093990053e-06,1.1584494254785e-05,9.37558109475392e-06,1.79691940315709e-05,4.91361626545969e-06,2.37851030774403e-05,2.5656022463874e-05,2.5379865707243e-05,1.13450018613923e-05,4.21196055467423e-06,4.65896363185643e-06,7.92354284550091e-06,5.08237793283944e-06,3.25594530872719e-07,5.56451829557262e-06,4.2103008624528e-05,7.27041841827931e-05,0.00015551793837354,3.27316864885298e-05,2.59064681609201e-05,1.01456615276093e-05,3.0761421156363e-06,1.01456615276093e-05,2.59064681609201e-05,3.27316864885298e-05
0.00336626146548827,0.00312374262758699,8.4596099477826e-05,0.00807694126245429,0.0599073372640651,0.0233591689531048,0.00521550042051193,0.0551700551614069,0.0211611958335844,0.00559173093404718,0.0230543765211121,0.0554198014731868,0.0105863229017288,0.0121611616553143,0.0399123770481964,0.00535443973581917,0.0769862456622291,0.143791236426958,0.0271953772940411,0.026340547762336,0.0443554105702375,0.00966423146221084,0.00573780895428534,0.00308173863769742,0.00490830634164005,0.0128091097836879,0.0399692338461035,0.0304234500603945,0.0125134854471986,0.0176857286291918,0.00519355592502563,0.00565431177510932,0.00803450046981729,0.0251744291690723,0.0197297686273472,0.0642708372888328,0.0588345229657609,0.012890203576794,0.0035333150551375,0.0039313921383028,0.00492640700879451,0.00155457697362158,0.00318751390026829,0.000844113131130899,0.0191690054410658,0.0225105385615777,0.00222454902016813,0.0019681896901935,0.00289478548505325,0.00311294244335633,0.00148003783567009,0.00378425061919598,0.000309043599820184,0.000412919859127917,0.00396113943717606,0.000215791939546399,2.27132648115022e-05,0.000347538061923988,2.57315683826848e-05,0.00069649269485192,0.000738724902785696,0.00148529412982381,0.0010934889732343,0.00179974154108835,0.000522663061572894,0.000126291337271729,0.00016228259510459,0.000251778353225112,8.81371290283702e-05,0.000158432839152948,6.69672441833281e-05,1.87955718909079e-05,4.33649150646762e-05,0.00019053241487159,6.79115402443302e-05,1.4056037844152e-05,1.70944573106323e-05,8.74647908652333e-06,1.95290993281438e-05,3.62933451823487e-06,1.36067377215469e-05,1.15441499460115e-05,8.76067291833651e-06,6.99045800206371e-05,3.15142247059787e-05,9.59066615719777e-06,7.50134363515812e-06,2.73876113352168e-05,6.25160828020323e-05,1.3020742124709e-05,2.26941761735805e-05,5.51387276723646e-05,0.000107419238265289,0.000137026398688367,4.34237909749415e-05,8.04864513034539e-05,4.34108909664968e-06,2.93542479413744e-06,4.24523047722704e-05,2.72237854394722e-05,5.3116469839052e-05,0.000141001783610166,0.000114491572583946,2.44574046209012e-05,1.6874659284234e-05,3.65905205365109e-05,1.79841929677734e-05,6.13903176768628e-05,2.93137379600115e-05,2.09561822128154e-05,3.20912618444701e-05,2.8145244797557e-05,1.31081033173976e-05,8.97412764680226e-07,1.34086521521624e-05,5.06391926858115e-05,1.78393123020974e-05,1.36506005794988e-05,5.49880105579934e-05,5.91496157962559e-05,9.69544117073439e-05,8.63599982404162e-05,2.62206843536632e-05,1.12695961681e-06,4.51246604019149e-07,4.51246604019148e-07,1.12695961681e-06,2.62206843536632e-05,8.63599982404162e-05
8.4596099477826e-05,2.95992626921984e-05,0.00147147632488546,0.0282870307977198,0.0749307277961573,0.0176743097159929,0.0147874515795981,0.0435702487877854,0.0115777031136594,0.0166953374350487,0.0554198014731868,0.0409938795687082,0.0658526220863178,0.0508539777343392,0.03608690844031,0.0353003938902427,0.136094180143351,0.0856861066521056,0.0391003178420049,0.0191900459114672,0.0194525282104781,0.0103911412330567,0.00657044522657278,0.00453579122905973,0.011379165594046,0.0247159974016243,0.0455302442845648,0.0465767020777523,0.0289658205472123,0.0181538039580777,0.0462164643108411,0.0476574641410028,0.0472507160601296,0.0460726644928795,0.02751594757996,0.0388797026462933,0.0232196152709656,0.0107809903552626,0.00248169552219891,0.0101756667135542,0.00350393306884112,0.0028309084347713,0.0017854926687413,0.00218757786107512,0.0123652832510424,0.00424936185268124,0.0022133000938021,0.00327687505134429,0.00311762080715556,0.00479531798440192,0.00354018358070215,0.000587201800594686,0.00191003681030634,0.00169964873524977,0.000955885340772858,0.000223737415058301,6.39285529285063e-05,0.000453666248984897,0.000815210728864518,0.000473065970762473,0.00404954984497564,0.00101373204364498,0.0010772493405961,0.00209713209875995,0.000676152660493433,2.42219149283509e-05,0.000149631709974017,8.23766572838122e-05,1.67924193064938e-05,7.63971411433561e-06,1.86176337960212e-05,3.84395277582822e-05,4.87115541176147e-05,9.2754550374446e-05,5.98603174032369e-05,1.42981222904862e-06,1.19046984104307e-06,7.09949107457293e-06,5.30045645163539e-06,1.27758705626987e-05,1.05354744731222e-05,6.85433896173405e-06,2.83072349015529e-05,1.44244429849367e-05,2.18029269985991e-06,4.32926782159281e-05,7.28952573559005e-05,0.000141650970558473,3.1424118025128e-05,4.49046886739844e-06,1.20380916389337e-05,2.71083779042209e-05,5.24515306985614e-05,5.37046228769661e-05,3.82326952352423e-05,3.19479985247798e-05,5.08390994122817e-06,2.39213269273619e-05,1.12093775911204e-05,1.11191485175048e-05,3.58426788917333e-05,3.65346486716387e-05,2.28798886745544e-05,1.50608848707985e-05,5.64822171828605e-06,4.27599306949714e-06,1.28989909833609e-05,1.62804401971751e-05,1.93262166289903e-06,3.5134607993744e-06,1.42620222249452e-05,1.21089774775041e-05,4.00416361512343e-06,2.78085151228229e-06,4.5772061034164e-06,2.78879807787381e-07,1.21772390505802e-06,1.82417031738247e-05,1.70833786710746e-05,5.77771225642588e-06,4.01565586660932e-06,1.20380335325349e-05,1.7407193269997e-06,2.0893199849522e-06,1.14636723290352e-05,2.0893199849522e-06,1.7407193269997e-06,1.20380335325348e-05,4.01565586660932e-06
0.00147147632488545,0.00170979507715715,0.00046887226090623,0.0249671318034116,0.0379234698923333,0.00622023866325597,0.0127752091064488,0.00892815888935073,0.00835308547252315,0.0189925695227808,0.0105863229017288,0.0658526220863178,0.134129688119143,0.00509218247892419,0.0411262460376979,0.0408577519699357,0.00718394028035583,0.0333756411157498,0.00860772228733341,0.00923135713209478,0.0253889378182797,0.0033502319059059,0.0295828755974214,0.0145419468614449,0.0128622525965152,0.00993181549969362,0.0102472458458211,0.0175279706907682,0.00778968842257815,0.0195472556004981,0.067232415356607,0.00921547802853192,0.0155996781604643,0.0043319838148302,0.00299148398384559,0.00129352769053022,0.00274893571265107,0.00199973912571534,0.000976785579669386,0.000722930701924177,0.000483369306277097,0.000821394209179266,0.00131485498717966,0.000682038134429518,0.000782389325590723,0.000553380796873386,0.000886126899708287,0.000242024401608632,0.000209011857579736,0.000116666839806258,0.000250911236402373,0.000373731219746259,4.11686745961215e-05,0.000391882006504323,0.000283788152199599,1.7103625321431e-05,0.000152193823873631,0.00015101406829221,3.83728977556225e-05,0.000140046990221037,0.000270153040596791,3.07925679841474e-05,7.56883386681208e-05,0.000332967122501375,1.01625690659558e-05,1.91648408283932e-05,3.9318352916483e-05,4.06416999603869e-06,2.2991799917011e-05,9.19760504703843e-06,4.72032465968415e-06,2.1938908082773e-05,1.06700421938907e-05,2.4707364833913e-05,1.27841425762175e-05,4.05421738847858e-07,9.53440555258478e-06,6.51329598605631e-06,2.53722338185733e-07,2.50810257374561e-07,5.9691276998679e-06,3.4750045884397e-05,2.57905341779703e-05,3.13377182209846e-05,4.4465588934221e-05,8.92583529739615e-06,4.79387626755195e-05,3.83292189158233e-05,4.24269828644575e-06,1.82726090804695e-05,2.10113078664152e-05,7.3021765074323e-06,1.70872166389011e-05,4.61261278026513e-05,8.55123038577758e-06,4.03243600013648e-05,2.99841108770977e-07,8.23439939023388e-06,1.00382972893586e-05,2.78376544248841e-05,1.1095108246067e-05,2.5609822543709e-06,2.77553852927071e-06,6.56697380042449e-07,1.47954370719263e-05,1.16942268017842e-05,3.06880229184976e-06,1.01696393266083e-05,2.61047651421891e-06,1.40717473929914e-05,4.58605369268443e-05,1.4451838663872e-05,1.07805170448813e-06,4.87170531839452e-06,1.16020691590747e-05,7.7189356245625e-06,4.87741906393139e-06,1.00153634144017e-05,3.4064412290469e-05,2.89076460861059e-05,1.27995616627287e-05,1.02652476194537e-05,1.40105355159314e-06,1.92475844988708e-05,1.92475844988708e-05,1.40105355159314e-06,1.02652476194537e-05,1.27995616627287e-05,2.89076460861059e-05
0.00046887226090623,0.0104809657085981,0.00489349536146515,0.0119422124210356,0.0830171508462246,0.0296107876521434,0.00668798488862771,0.0380601664935659,0.0150984941226866,0.0015741640905671,0.0121611616553143,0.0508539777343392,0.00509218247892419,0.0625471054744242,0.264025605612516,0.0732781219239385,0.0252065706229571,0.081152426999392,0.0189983900601073,0.0155540799786211,0.0230675165004504,0.0115340233860251,0.00887849940612078,0.0142486132148094,0.0103257997970351,0.00691460562787369,0.0357814307107141,0.0109247388542688,0.00881494437204203,0.0311913279190431,0.0181615430210527,0.00707676734327952,0.00955376977543192,0.018994567086215,0.00298991839176718,0.00298068402660156,0.00409929542646713,0.000919592679497859,0.00563891598078171,0.00690035243211464,0.00240861972262518,0.00469918575719452,0.0107377668514761,0.00449507759165292,0.00540439025398591,0.00735478996689458,0.00347241035672811,0.00166953416870421,0.00477422595524028,0.00123146590910836,0.00316110640986871,0.00692133705664999,0.00126799984079613,0.000911760355712174,0.00209088131630254,0.000853206117829391,0.000513034188826238,0.00158220111154231,0.00148297323803884,0.000209848934418125,0.000626041036996372,0.00045059609772662,0.000254757370513728,0.000176080311499296,0.000271890720528797,1.03482357726299e-05,1.9797791412559e-05,6.75049434222394e-05,2.57226599462912e-05,1.36487792643579e-05,5.38345972294816e-05,0.000158713821481563,0.000104868037288721,7.19487000483694e-05,8.89092412265437e-05,9.55296091146545e-05,8.7900610611042e-05,6.50944577580278e-05,3.67548701113023e-05,1.32424563257422e-05,5.31212014532852e-06,0.00010201141933732,0.000111411297041076,0.000100756017136785,3.89170401070402e-06,3.32578098857288e-05,2.10785105059333e-05,1.84204615349839e-06,1.41235270505994e-05,5.14889318154264e-06,2.22583174420146e-05,3.73236176817444e-05,8.25752581600848e-05,4.65621688977963e-05,2.0041961672873e-05,7.27504147653571e-05,3.5763031095457e-05,3.00182087066121e-05,3.29936762346005e-05,3.58742028889287e-05,3.76387901446348e-06,1.08514864195676e-05,1.15203764887497e-05,2.71248227802738e-05,1.41724636503946e-05,9.31849293539596e-06,1.95752771732809e-05,3.46409819382533e-06,2.27964693067546e-05,3.73755630454907e-05,7.19310842191358e-06,6.93015504155234e-06,1.50350824517103e-05,1.95977452548419e-05,1.12004450221919e-05,2.76539850061268e-05,1.34535815423701e-05,6.57047373200489e-05,4.75669402549117e-05,3.98518084092005e-06,5.55120920252389e-06,6.84470786815378e-06,1.20314052198608e-06,9.74166553373459e-05,1.20314052198608e-06,6.84470786815378e-06,5.55120920252389e-06,3.98518084092005e-06,4.75669402549118e-05
0.00489349536146515,0.00440711395714629,0.00102709783359248,0.0465181559767429,0.0765508114168395,0.0148280867957018,0.00902129756209869,0.0364972466686043,0.00606370221210027,0.0077201200214953,0.0399123770481964,0.03608690844031,0.0411262460376979,0.264025605612516,0.271571127477523,0.125093566517335,0.080115702224314,0.0667098073678499,0.0153176017342766,0.00545285276776971,0.0254304143651457,0.00975546779279931,0.0100381669485931,0.0295738773163122,0.0201223151152955,0.0250831657461838,0.0236414038242532,0.0222663953213362,0.0402616863602172,0.0272795915113091,0.0137516562934109,0.0223054824436662,0.0160761761471959,0.0147217120612615,0.010358066812918,0.00750567919476742,0.0033648545560829,0.00457508799416619,0.00963952388401416,0.00544517011757823,0.00271893747335671,0.0128246761095901,0.0103099958369413,0.00429914624061878,0.009635443371673,0.00979033403669807,0.00695947221127118,0.00975419982141455,0.00303681717632023,0.00232385070767718,0.00718978079115578,0.00550608281811103,0.00141547788950241,0.0013722921551851,0.00169097430134825,0.000590603762604009,0.000656924541228976,0.00300283334545785,0.000849088767348072,0.000255015136772174,0.00271479771861397,0.000845095663875375,0.000183346496419401,0.000160563082814338,5.91901069756429e-05,7.59627456846094e-06,5.5136584445557e-05,3.74005642132746e-05,7.01606990077276e-06,1.47916890341487e-05,9.32788195660471e-05,7.29017543355136e-05,2.04330522952882e-05,0.000163629392420615,0.000260321502320336,5.4709763373547e-05,4.50334588031564e-05,4.8833274043153e-05,3.82286546956082e-06,2.48190714544444e-06,1.85053287891665e-05,7.30325223608621e-05,0.000103988704141571,4.20846597197436e-06,6.43830826113246e-06,1.25984988366194e-06,7.49378291854569e-06,4.27592210841662e-05,2.86059566052543e-06,7.19666968677194e-06,9.72270166232959e-06,2.09116632109363e-05,2.43417313104526e-05,1.0257048737309e-05,5.75952267354645e-05,1.10905125341501e-05,3.97465712439081e-06,7.54515308380977e-07,7.36956547309815e-06,7.8878469968791e-06,5.44244455625554e-06,3.13110785926355e-05,5.94679940608367e-05,4.21223827343198e-05,2.42327278240119e-05,8.72124252884362e-06,2.88175602894243e-06,1.75587129713738e-05,2.98284085271153e-05,2.6317427648069e-05,0,8.78865503739943e-06,9.63267247970361e-06,9.35565590063853e-06,1.78983554731722e-05,3.27011349720706e-06,1.76360683703288e-05,3.34172496265689e-05,1.77217120559264e-05,1.31178193220004e-07,6.1281754810574e-07,2.39045765574238e-05,2.91369719194899e-05,2.91369719194899e-05,2.39045765574239e-05,6.1281754810574e-07,1.31178193220004e-07,1.77217120559264e-05,3.34172496265689e-05
